10000
2061 4 2
2048 11 18
2076 5 21
2031 10 30
2036 3 8
2115 7 8
2091 9 27
2063 5 29
2028 2 16
2038 12 25
2029 10 16
2088 1 13
2106 5 18
2082 1 22
2074 3 19
2069 6 23
2037 5 1
2056 5 17
2064 4 26
2034 4 24
2043 4 26
2033 10 12
2115 10 7
2047 3 15
2056 2 17
2085 6 21
2051 6 12
2037 9 17
2064 8 26
2056 4 25
2092 2 18
2108 4 2
2034 2 3
2114 11 10
2020 10 16
2096 3 22
2040 8 6
2057 9 27
2041 8 17
2081 2 16
2091 3 7
2113 5 8
2067 10 29
2048 12 22
2023 8 12
2087 6 4
2035 2 14
2026 6 26
2092 7 31
2031 2 25
2086 8 29
2068 5 18
2097 7 21
2078 12 29
2065 1 25
2092 6 25
2054 4 17
2105 7 26
2044 5 6
2102 2 19
2059 9 7
2109 2 21
2097 5 31
2100 3 11
2113 11 5
2087 2 12
2047 12 8
2039 4 10
2074 4 6
2080 11 26
2118 10 23
2096 2 11
2058 10 30
2050 4 2
2050 8 10
2077 4 11
2047 1 11
2038 3 22
2101 2 9
2103 4 21
2033 7 17
2097 4 29
2038 4 27
2071 7 12
2112 9 18
2073 4 17
2045 6 8
2077 4 7
2060 7 3
2112 9 11
2099 11 3
2036 10 15
2064 5 26
2026 1 13
2117 2 1
2089 11 26
2030 4 12
2023 4 28
2062 8 20
2108 12 1
2085 7 3
2109 8 18
2051 5 31
2053 2 6
2113 9 5
2072 11 27
2111 1 27
2028 8 29
2067 1 21
2058 9 8
2038 6 2
2046 9 22
2114 2 18
2045 2 28
2054 5 14
2038 4 3
2084 2 3
2098 11 2
2076 12 9
2051 1 20
2086 12 10
2071 10 12
2112 5 28
2045 11 11
2089 6 3
2070 10 12
2040 12 22
2071 12 23
2077 3 10
2055 11 12
2048 9 23
2020 1 15
2111 7 10
2046 4 26
2081 8 7
2025 8 24
2066 9 15
2078 12 14
2046 10 28
2101 12 10
2107 10 24
2108 9 23
2044 1 3
2092 6 19
2063 4 19
2025 6 19
2059 1 20
2051 5 24
2117 11 16
2032 7 29
2087 10 7
2050 10 4
2025 1 13
2056 4 26
2093 8 10
2065 10 30
2091 11 12
2083 1 17
2101 2 4
2049 11 3
2085 10 27
2040 5 19
2110 11 17
2104 10 29
2042 3 30
2029 7 12
2074 11 14
2068 2 7
2104 9 5
2101 7 20
2083 7 12
2094 9 20
2086 3 5
2079 4 19
2056 3 9
2028 4 19
2088 5 29
2030 3 19
2097 1 20
2028 2 27
2072 7 8
2079 8 28
2110 10 12
2021 5 6
2021 5 2
2067 8 19
2106 10 16
2074 4 2
2057 2 6
2080 8 24
2066 5 27
2043 4 15
2026 9 25
2106 4 27
2099 3 7
2102 2 26
2084 7 9
2093 1 24
2118 4 17
2055 7 24
2022 12 29
2092 7 30
2106 9 2
2037 1 7
2093 11 7
2063 12 2
2072 2 19
2093 10 22
2097 1 20
2102 1 28
2040 5 10
2077 3 4
2111 12 5
2066 4 18
2022 9 2
2089 8 22
2050 4 9
2032 8 7
2035 7 29
2063 9 27
2103 7 9
2111 3 22
2101 10 10
2107 7 31
2040 1 30
2093 2 20
2050 10 2
2117 12 29
2058 8 7
2088 7 25
2109 4 24
2043 6 20
2036 10 22
2104 3 11
2088 8 14
2083 2 7
2056 8 30
2051 8 12
2047 3 15
2082 8 6
2098 5 20
2065 6 6
2035 9 26
2058 1 7
2085 7 20
2042 9 22
2030 11 20
2113 2 11
2037 12 12
2026 3 1
2025 12 10
2078 9 2
2099 11 14
2084 12 18
2079 5 25
2031 5 10
2103 7 4
2074 7 25
2045 4 2
2047 9 22
2067 6 29
2076 9 30
2035 5 29
2107 1 7
2095 7 30
2020 12 10
2097 1 7
2021 2 5
2032 12 21
2115 7 19
2054 11 7
2019 10 18
2022 7 17
2024 9 13
2115 2 14
2024 5 7
2057 10 9
2093 11 21
2025 11 18
2088 3 24
2099 12 1
2067 1 5
2032 9 23
2037 11 20
2107 5 2
2084 4 19
2056 4 25
2118 5 30
2062 1 2
2081 1 11
2068 1 12
2062 9 25
2095 7 10
2092 10 1
2065 3 21
2038 12 1
2020 1 20
2030 8 9
2056 11 11
2090 7 8
2043 5 11
2061 8 15
2049 5 1
2020 8 5
2031 2 7
2026 7 5
2075 7 24
2046 4 24
2050 2 18
2042 11 13
2039 8 18
2070 2 1
2061 9 21
2051 10 30
2096 7 19
2055 12 18
2068 2 24
2036 2 26
2021 12 13
2109 4 4
2048 11 18
2048 11 27
2115 2 19
2115 10 30
2107 1 23
2069 3 18
2062 3 12
2024 6 12
2037 4 18
2058 6 30
2094 12 30
2036 10 18
2046 12 30
2042 8 24
2024 5 24
2116 8 19
2071 10 21
2054 5 23
2102 12 26
2094 4 30
2035 5 11
2084 1 13
2090 1 25
2089 9 21
2024 9 28
2114 12 9
2040 3 31
2032 10 13
2026 3 23
2037 3 30
2085 11 2
2110 9 13
2055 11 27
2024 1 29
2113 6 16
2107 8 17
2102 6 23
2040 4 21
2029 12 25
2041 2 1
2095 8 2
2043 3 7
2064 3 15
2079 12 2
2114 4 14
2074 1 24
2028 11 14
2101 11 6
2041 1 16
2081 6 13
2059 3 13
2109 9 24
2114 2 21
2090 11 21
2106 9 17
2080 3 13
2092 12 14
2068 12 24
2097 6 5
2064 5 5
2064 8 28
2080 6 2
2115 7 2
2115 10 21
2033 2 10
2067 2 9
2031 2 17
2075 1 9
2066 6 26
2031 1 1
2107 5 25
2034 4 15
2051 8 7
2092 8 15
2087 8 30
2064 9 30
2056 8 2
2067 5 24
2061 7 2
2040 6 27
2114 8 21
2036 9 18
2079 2 27
2047 5 18
2101 11 9
2049 4 18
2067 11 27
2038 9 14
2093 4 9
2076 6 2
2096 8 23
2022 4 3
2052 9 22
2101 3 11
2094 4 7
2065 8 30
2083 8 19
2114 2 14
2079 4 21
2059 9 20
2049 10 7
2068 3 21
2031 4 2
2078 2 11
2081 4 1
2110 7 24
2024 9 3
2086 5 28
2034 10 26
2052 11 14
2102 5 7
2047 4 22
2079 4 11
2063 8 3
2076 8 10
2092 12 1
2118 5 31
2050 8 17
2096 7 14
2084 10 29
2049 6 25
2046 6 18
2032 12 28
2107 9 22
2061 10 9
2021 3 26
2025 6 2
2115 7 12
2059 12 17
2064 1 14
2083 3 26
2105 12 31
2035 11 19
2047 12 24
2108 1 27
2075 10 30
2027 4 17
2113 6 21
2087 9 22
2083 2 20
2088 4 25
2046 2 27
2045 5 26
2060 12 10
2116 11 23
2023 7 2
2076 5 11
2115 10 16
2049 11 25
2019 5 3
2058 3 7
2029 6 24
2073 4 20
2028 6 26
2055 12 30
2027 11 2
2093 5 5
2041 10 3
2052 12 17
2078 7 1
2105 4 24
2107 10 3
2022 11 19
2096 1 8
2108 11 12
2109 1 5
2107 3 31
2042 3 23
2094 12 4
2046 9 3
2111 12 25
2106 8 17
2106 6 4
2085 2 20
2070 8 6
2047 1 13
2076 4 3
2037 6 1
2105 3 19
2020 10 22
2109 2 19
2048 12 9
2052 1 26
2068 5 23
2042 2 24
2037 4 19
2118 5 13
2111 8 12
2104 7 3
2104 6 19
2093 5 12
2091 6 1
2073 5 28
2045 6 27
2103 1 18
2104 4 16
2103 3 13
2106 9 21
2057 2 20
2036 8 25
2037 10 24
2090 12 21
2024 5 10
2075 2 4
2112 7 3
2039 6 27
2109 12 22
2028 4 9
2097 5 31
2074 6 12
2110 10 13
2111 7 12
2116 11 2
2111 1 19
2105 10 23
2108 8 22
2114 6 7
2066 1 18
2112 7 18
2036 11 29
2086 10 22
2117 1 28
2070 2 18
2028 11 4
2102 9 26
2088 7 16
2103 6 16
2101 2 1
2019 7 11
2039 5 27
2049 8 4
2059 10 3
2109 11 4
2080 2 13
2100 8 9
2110 8 5
2111 11 4
2036 5 22
2057 5 31
2021 9 18
2039 2 18
2041 4 19
2062 4 24
2102 8 25
2112 4 13
2035 12 9
2063 8 24
2043 9 1
2079 5 26
2040 2 26
2098 4 17
2048 6 14
2087 11 28
2077 12 1
2095 1 12
2106 7 18
2083 9 4
2047 3 30
2049 8 20
2046 1 3
2085 12 9
2078 7 5
2040 2 25
2099 4 5
2108 9 26
2054 8 8
2024 4 19
2115 9 29
2071 12 8
2094 2 22
2113 2 12
2093 4 12
2056 11 6
2101 5 18
2112 4 17
2056 1 10
2092 11 16
2058 7 4
2053 12 2
2037 1 1
2024 10 28
2067 10 28
2088 6 26
2033 1 15
2103 5 22
2059 7 27
2109 11 4
2112 12 25
2026 6 24
2082 1 9
2047 9 3
2089 5 19
2050 4 12
2107 12 22
2040 2 26
2093 1 29
2037 5 28
2094 12 25
2097 10 8
2106 12 16
2053 10 3
2049 6 9
2090 5 4
2047 9 3
2073 6 17
2065 1 9
2083 4 3
2103 8 21
2106 11 14
2018 12 23
2052 7 1
2064 5 4
2040 6 22
2042 11 11
2032 11 13
2032 1 11
2048 8 19
2089 7 28
2097 9 11
2061 11 21
2082 11 27
2025 8 15
2106 4 9
2022 8 22
2037 4 23
2089 10 31
2059 6 18
2089 9 16
2050 5 1
2063 1 24
2067 8 9
2058 10 19
2099 1 31
2032 4 18
2087 5 31
2080 1 8
2031 1 4
2044 7 20
2067 3 14
2092 2 4
2047 7 31
2049 9 17
2052 2 18
2091 1 3
2050 6 22
2097 8 12
2106 3 26
2046 5 11
2079 7 8
2078 7 2
2059 6 21
2022 4 3
2034 9 11
2080 3 21
2057 10 1
2047 3 4
2108 7 6
2094 3 8
2039 2 26
2082 10 15
2073 6 8
2085 12 14
2039 4 20
2056 2 18
2025 12 7
2040 7 30
2081 10 18
2057 6 12
2019 1 5
2076 6 9
2020 9 13
2092 7 12
2020 4 12
2065 9 8
2078 11 10
2024 3 20
2083 6 25
2059 7 17
2046 2 27
2046 5 8
2036 7 15
2036 7 5
2022 2 14
2118 2 15
2047 10 16
2092 1 21
2105 5 20
2111 2 23
2031 7 10
2024 9 7
2047 2 24
2095 2 17
2095 12 31
2019 9 15
2032 5 24
2094 12 27
2111 3 25
2030 5 21
2088 11 10
2113 3 23
2039 9 29
2026 7 19
2020 5 25
2099 10 10
2061 2 13
2025 7 29
2063 11 25
2074 2 16
2023 10 15
2049 4 28
2070 11 9
2103 8 29
2063 4 27
2060 7 7
2054 6 29
2071 2 18
2108 10 30
2040 2 4
2115 6 10
2073 3 14
2055 7 24
2034 12 16
2030 1 28
2073 12 10
2094 6 1
2021 2 21
2034 9 9
2101 7 27
2058 9 9
2068 4 8
2025 12 13
2054 6 19
2106 5 17
2090 11 10
2099 7 18
2056 11 13
2024 10 5
2104 4 19
2118 4 29
2030 3 16
2027 1 28
2097 4 7
2054 8 9
2076 9 22
2080 1 24
2103 3 2
2045 3 15
2068 5 17
2091 5 20
2098 4 11
2057 10 14
2113 6 15
2097 4 27
2038 12 26
2031 10 7
2071 8 12
2062 12 30
2092 7 30
2020 12 2
2099 4 4
2041 11 6
2054 12 25
2102 11 21
2109 2 26
2085 12 20
2092 5 9
2035 8 4
2082 9 28
2088 9 2
2078 3 12
2068 3 9
2021 10 18
2039 9 8
2088 1 23
2062 4 21
2025 12 27
2109 1 9
2118 4 7
2050 10 25
2096 7 27
2027 2 3
2099 11 19
2076 7 14
2021 8 12
2031 5 2
2097 9 28
2108 1 28
2104 11 19
2019 3 22
2026 1 9
2102 12 24
2057 1 10
2084 4 30
2094 3 17
2100 1 6
2028 7 2
2112 8 29
2103 1 17
2020 10 12
2039 9 29
2042 7 8
2030 3 24
2091 9 7
2098 4 7
2032 1 29
2091 7 31
2028 11 19
2049 9 2
2063 11 26
2098 10 24
2089 9 26
2087 9 14
2115 1 31
2036 11 12
2113 7 3
2071 3 18
2042 2 11
2050 6 1
2067 11 20
2090 11 18
2091 6 30
2116 7 20
2104 4 18
2087 2 7
2035 10 9
2076 3 23
2109 3 18
2113 4 23
2051 11 18
2104 9 2
2112 3 2
2020 2 4
2031 11 3
2049 3 3
2060 3 3
2068 5 23
2070 5 1
2045 5 9
2032 12 16
2091 11 14
2052 3 1
2096 2 16
2022 9 4
2061 2 15
2118 8 30
2037 10 14
2116 5 24
2035 4 5
2029 9 18
2069 5 15
2043 12 31
2111 10 2
2100 4 19
2032 11 20
2097 12 5
2096 4 22
2075 11 20
2062 9 8
2036 3 27
2038 5 4
2052 2 19
2067 11 17
2072 7 27
2038 10 17
2075 1 24
2117 9 20
2033 6 21
2031 4 25
2062 11 2
2033 3 29
2105 8 24
2028 12 8
2042 10 10
2106 12 14
2067 1 1
2032 11 18
2098 3 4
2073 7 26
2055 9 21
2104 11 30
2081 8 30
2077 7 6
2041 7 16
2026 11 6
2117 8 23
2105 5 13
2081 1 20
2032 10 17
2032 5 10
2069 4 18
2063 10 20
2037 12 10
2077 5 21
2061 3 25
2034 12 28
2113 12 5
2052 1 22
2025 4 10
2063 7 25
2025 7 23
2105 4 26
2043 9 1
2116 4 9
2100 1 7
2033 3 4
2058 1 1
2056 9 19
2044 10 7
2077 8 28
2025 9 19
2059 10 7
2085 9 5
2104 10 28
2099 6 29
2085 1 11
2050 2 24
2019 7 17
2068 7 7
2040 11 27
2069 3 24
2103 5 1
2068 1 21
2080 4 20
2056 5 7
2075 3 12
2025 9 25
2073 5 22
2029 6 4
2055 6 23
2062 8 14
2038 9 23
2115 10 29
2091 1 7
2019 10 10
2099 6 4
2038 6 13
2051 6 4
2021 4 22
2109 6 24
2094 1 30
2064 9 12
2054 2 27
2027 8 2
2057 10 8
2058 6 25
2113 9 16
2061 12 23
2111 7 29
2084 12 30
2111 11 10
2112 5 30
2104 2 19
2043 12 29
2101 7 11
2088 7 17
2058 4 3
2042 5 24
2063 6 20
2071 5 10
2040 3 17
2115 10 26
2099 7 24
2058 1 26
2044 3 6
2061 5 9
2041 11 11
2083 9 7
2077 3 21
2088 1 23
2019 8 26
2032 2 26
2110 4 26
2094 8 21
2070 11 18
2116 3 10
2021 7 26
2055 1 9
2053 10 27
2109 10 15
2058 1 29
2031 6 12
2074 9 30
2070 8 27
2096 9 29
2034 12 17
2100 8 30
2113 4 23
2111 7 26
2025 6 9
2022 3 5
2066 4 3
2040 8 17
2113 3 29
2068 6 10
2066 6 22
2022 9 16
2059 3 23
2067 6 24
2031 1 20
2042 7 17
2063 3 27
2071 8 23
2096 7 30
2049 10 3
2085 7 7
2111 7 3
2048 6 3
2075 9 1
2090 12 21
2020 11 9
2068 10 12
2036 7 1
2093 4 2
2039 1 21
2045 7 9
2045 5 31
2102 2 3
2050 3 14
2028 1 14
2071 12 27
2030 7 14
2088 5 3
2031 8 6
2034 2 20
2118 10 8
2019 11 18
2060 5 31
2042 9 17
2027 12 30
2103 7 5
2051 11 14
2072 12 1
2045 3 21
2086 1 22
2026 11 9
2065 9 30
2089 4 5
2067 9 8
2060 10 27
2054 12 4
2096 6 2
2077 12 18
2043 6 4
2111 9 18
2056 6 18
2089 6 4
2065 8 26
2024 6 6
2026 2 10
2087 8 20
2041 9 18
2090 6 27
2037 12 6
2044 1 21
2086 3 1
2069 10 3
2093 7 27
2037 9 27
2073 10 20
2063 3 11
2031 4 10
2114 3 13
2110 11 17
2076 9 4
2069 10 23
2108 4 2
2117 1 5
2053 5 20
2079 1 2
2033 5 18
2026 4 27
2100 11 29
2117 12 23
2092 10 24
2071 5 3
2049 2 22
2055 10 5
2058 1 13
2116 3 18
2079 11 21
2100 12 18
2105 3 16
2081 7 13
2064 7 7
2036 2 28
2084 8 5
2048 12 22
2072 12 13
2062 2 23
2034 9 26
2065 5 1
2022 6 16
2068 11 3
2077 10 5
2045 5 10
2065 12 5
2095 1 25
2100 2 2
2090 5 10
2069 12 12
2094 1 23
2021 6 25
2059 7 30
2097 1 24
2076 8 11
2068 8 27
2076 8 6
2087 11 1
2041 9 7
2062 1 31
2075 3 18
2109 5 13
2038 2 16
2053 7 12
2068 2 6
2045 1 12
2088 3 17
2112 6 3
2072 2 4
2081 3 2
2053 1 7
2085 12 20
2049 10 24
2030 9 11
2031 12 17
2086 5 29
2026 2 9
2118 5 13
2102 6 27
2098 4 17
2041 5 3
2021 10 11
2112 6 21
2036 1 29
2066 10 16
2035 8 10
2044 1 22
2113 7 24
2086 1 20
2038 7 12
2089 9 1
2059 3 20
2108 4 28
2055 12 22
2094 3 27
2067 7 30
2109 7 2
2109 1 30
2028 10 25
2021 2 16
2067 5 20
2105 6 1
2081 3 23
2029 5 1
2109 2 19
2096 2 7
2030 2 26
2023 3 19
2049 7 27
2088 4 29
2078 6 12
2086 9 6
2028 3 11
2089 10 17
2064 2 26
2020 2 19
2051 6 3
2045 5 9
2087 5 26
2112 2 23
2027 5 30
2058 5 14
2022 10 15
2071 3 5
2068 11 1
2056 8 10
2070 10 11
2087 12 12
2065 4 4
2065 10 8
2064 6 22
2104 4 28
2047 2 6
2063 5 5
2055 3 22
2043 3 5
2029 8 26
2096 4 29
2076 4 13
2022 3 8
2029 4 21
2082 6 20
2041 12 23
2054 9 6
2116 9 19
2091 11 1
2090 2 24
2075 7 6
2082 10 20
2044 4 2
2041 7 16
2065 8 13
2104 5 2
2081 2 21
2076 11 8
2108 1 16
2056 1 7
2027 9 21
2026 5 10
2088 8 23
2034 6 17
2084 9 27
2106 12 23
2100 8 1
2101 12 25
2104 10 20
2045 5 12
2090 12 3
2106 11 11
2061 10 18
2019 5 28
2104 8 20
2116 4 18
2111 5 16
2077 12 27
2078 9 4
2099 9 1
2102 2 21
2038 11 18
2085 11 14
2109 4 11
2079 1 6
2055 5 29
2021 11 30
2052 2 26
2106 6 3
2058 1 7
2107 1 2
2071 2 18
2094 2 9
2112 3 6
2019 7 12
2081 1 5
2041 11 30
2040 7 11
2089 4 4
2103 6 26
2089 2 20
2022 8 25
2047 12 1
2032 9 30
2042 9 25
2054 10 30
2076 6 8
2078 6 12
2058 8 25
2118 7 27
2083 2 28
2093 11 2
2023 11 2
2088 10 23
2055 2 24
2037 1 24
2053 7 3
2104 4 29
2048 8 9
2055 4 28
2106 1 17
2108 6 21
2073 4 8
2074 8 6
2060 8 13
2056 5 20
2108 7 6
2045 10 30
2090 2 8
2116 7 7
2101 9 18
2020 9 26
2088 9 26
2085 11 3
2097 11 5
2040 12 31
2094 1 4
2037 6 12
2035 9 30
2097 3 13
2099 8 21
2106 2 13
2019 3 10
2029 5 11
2039 8 29
2094 7 15
2088 6 7
2071 4 18
2060 10 30
2039 1 6
2061 4 29
2056 7 6
2079 7 3
2101 8 21
2060 11 7
2108 1 20
2077 1 16
2027 12 23
2063 8 3
2096 11 19
2065 7 2
2045 5 13
2101 10 1
2078 9 12
2113 11 25
2069 8 19
2116 1 2
2053 12 5
2078 4 10
2046 1 31
2061 7 31
2081 2 27
2038 3 7
2086 1 12
2107 12 23
2114 6 14
2101 10 7
2096 6 28
2072 2 21
2092 8 26
2117 2 20
2108 3 5
2099 8 27
2020 12 5
2105 11 28
2040 12 28
2110 6 6
2096 7 26
2103 6 15
2041 2 14
2027 2 20
2054 9 6
2030 8 29
2088 12 28
2067 11 29
2117 2 2
2068 8 9
2085 6 1
2101 4 9
2068 6 8
2027 12 20
2082 11 18
2055 3 22
2026 4 16
2106 10 15
2051 9 16
2090 2 25
2116 8 12
2060 3 1
2068 3 1
2113 7 22
2024 9 7
2031 3 26
2066 7 14
2102 10 31
2110 9 10
2098 3 28
2085 11 23
2086 8 13
2019 7 17
2071 10 14
2044 8 14
2043 1 17
2040 9 23
2095 3 27
2031 3 7
2081 3 28
2057 7 10
2077 10 1
2028 8 13
2116 6 22
2021 9 19
2085 3 25
2056 12 16
2060 6 18
2087 12 21
2106 4 28
2115 8 19
2042 3 10
2042 2 1
2042 2 2
2054 8 4
2060 12 25
2103 12 27
2105 4 8
2044 1 31
2073 11 12
2071 8 29
2027 3 2
2042 2 24
2049 6 18
2080 3 14
2074 12 21
2078 12 23
2025 4 30
2110 8 28
2073 8 20
2085 12 23
2049 11 10
2082 9 23
2102 3 9
2035 5 30
2095 6 4
2080 3 31
2083 9 9
2088 6 26
2072 12 26
2088 8 23
2031 5 25
2087 12 13
2111 8 24
2087 9 5
2092 2 24
2113 6 7
2025 12 30
2112 4 23
2047 2 6
2093 2 13
2114 1 3
2026 11 27
2096 7 30
2104 2 10
2080 4 13
2070 6 1
2057 5 3
2077 2 3
2081 4 4
2117 4 17
2054 9 25
2078 6 14
2100 4 7
2107 8 27
2102 2 23
2060 12 15
2108 11 9
2086 2 10
2065 11 12
2116 4 17
2061 8 27
2109 6 7
2039 11 22
2083 12 27
2083 7 19
2028 9 19
2064 8 3
2025 11 23
2105 9 27
2070 2 20
2108 4 16
2048 1 1
2052 6 18
2065 10 14
2103 1 3
2113 7 21
2112 3 17
2058 10 30
2049 7 12
2054 9 19
2110 9 9
2034 1 15
2068 12 30
2094 6 22
2086 8 18
2077 5 4
2110 3 10
2082 8 26
2027 11 30
2058 2 9
2060 1 9
2070 6 8
2052 5 20
2066 9 30
2110 9 18
2092 6 13
2059 7 6
2102 2 3
2042 9 17
2065 10 14
2031 2 28
2064 8 23
2053 4 26
2109 7 22
2114 5 10
2080 5 15
2069 2 25
2049 5 29
2068 3 17
2024 7 15
2037 12 4
2037 3 8
2082 6 5
2110 5 10
2091 2 16
2053 11 7
2070 5 29
2066 1 7
2025 7 10
2033 1 12
2087 11 26
2110 4 5
2071 10 2
2036 11 20
2073 11 10
2067 6 7
2041 4 15
2057 2 21
2109 8 29
2095 8 18
2098 4 5
2100 5 20
2069 2 28
2085 8 15
2045 4 29
2046 11 11
2024 5 31
2064 5 3
2038 6 2
2107 8 13
2106 8 20
2118 8 15
2110 5 22
2049 5 6
2023 11 9
2108 8 13
2117 4 4
2106 9 28
2049 6 25
2029 11 12
2110 5 24
2101 10 11
2061 3 11
2043 12 31
2076 4 20
2086 11 11
2067 6 9
2057 12 25
2051 1 5
2068 9 10
2096 1 18
2022 7 4
2024 10 15
2107 10 10
2035 2 9
2071 8 17
2107 9 17
2047 9 24
2092 4 12
2068 3 5
2092 7 22
2062 7 17
2081 7 6
2056 2 2
2081 11 21
2024 11 17
2059 8 27
2107 7 14
2116 1 9
2068 1 17
2057 4 21
2055 1 30
2052 11 23
2108 10 4
2053 6 8
2060 3 27
2034 9 4
2118 5 23
2053 10 11
2098 8 2
2048 4 6
2055 11 24
2068 11 27
2039 6 13
2046 6 22
2104 12 10
2073 6 2
2031 7 3
2038 8 27
2072 3 16
2048 6 8
2067 1 13
2070 3 14
2068 2 26
2042 12 31
2092 11 15
2067 1 11
2072 8 4
2021 7 18
2084 9 1
2083 9 16
2059 9 16
2028 9 15
2108 7 30
2062 1 26
2104 11 24
2052 10 23
2098 6 18
2046 3 23
2074 11 23
2093 8 3
2084 8 23
2021 6 19
2022 2 26
2067 11 3
2077 7 14
2074 4 7
2065 4 8
2099 1 16
2040 7 25
2118 7 27
2086 6 29
2039 12 12
2095 11 26
2048 6 29
2102 4 19
2090 4 14
2112 6 25
2089 8 3
2112 5 27
2031 11 8
2112 5 16
2065 6 8
2117 9 26
2036 3 16
2070 7 23
2032 5 7
2037 4 26
2066 5 2
2062 6 1
2100 2 8
2086 11 16
2102 11 23
2036 11 4
2020 12 28
2069 8 30
2098 8 1
2055 11 3
2092 8 8
2020 9 24
2101 2 18
2091 2 25
2024 8 12
2089 6 1
2084 11 23
2110 4 25
2070 6 29
2103 3 2
2051 9 13
2046 9 29
2115 6 3
2069 8 22
2040 5 3
2049 9 28
2092 8 27
2116 4 14
2024 11 24
2025 7 17
2104 8 2
2074 5 4
2040 4 30
2030 10 13
2050 7 12
2026 1 14
2098 10 1
2117 9 3
2066 8 26
2078 5 27
2025 2 26
2068 3 3
2082 1 9
2072 2 17
2088 4 19
2060 6 13
2097 12 23
2108 12 30
2103 12 2
2069 7 9
2036 7 17
2039 2 19
2039 4 2
2092 1 7
2082 12 11
2106 7 9
2106 2 26
2021 7 1
2078 5 12
2108 3 11
2091 2 3
2076 4 24
2079 3 14
2032 8 20
2050 8 3
2033 7 2
2081 3 8
2027 4 30
2115 11 16
2036 4 24
2042 4 19
2071 5 16
2072 9 22
2099 4 12
2025 12 26
2027 11 20
2072 11 26
2031 4 10
2024 12 24
2092 6 7
2111 5 2
2036 1 23
2089 8 5
2094 3 2
2111 6 14
2081 4 15
2104 12 10
2109 8 16
2056 1 30
2051 2 9
2050 3 6
2116 12 23
2112 1 15
2067 6 6
2091 10 4
2110 1 9
2072 5 3
2101 5 24
2096 11 13
2110 8 4
2020 1 27
2026 7 22
2036 2 5
2113 9 30
2106 7 30
2086 2 22
2077 11 20
2058 2 7
2019 6 25
2100 1 5
2082 7 16
2042 12 4
2069 4 14
2077 12 28
2081 10 30
2063 8 31
2047 4 9
2019 6 17
2096 8 19
2116 7 21
2111 1 26
2037 8 11
2030 7 19
2108 9 25
2083 1 31
2103 5 17
2084 4 28
2111 12 8
2074 11 29
2106 5 23
2051 8 19
2087 4 30
2110 1 3
2065 11 24
2084 8 14
2047 10 13
2037 1 4
2041 10 7
2033 7 26
2105 1 13
2064 2 1
2065 9 5
2063 9 10
2023 11 1
2061 2 13
2024 8 18
2104 3 24
2037 1 13
2114 9 27
2055 5 31
2077 10 17
2043 2 21
2045 2 2
2091 9 3
2077 12 3
2047 2 22
2088 5 31
2087 3 17
2071 4 8
2047 9 26
2050 1 23
2100 11 14
2081 1 12
2034 9 1
2107 6 6
2091 12 11
2101 11 13
2117 6 22
2059 1 2
2070 4 29
2046 1 12
2033 3 3
2042 8 25
2108 10 24
2074 11 7
2089 1 15
2108 1 9
2111 6 29
2063 7 21
2064 3 2
2096 7 17
2081 11 12
2071 11 16
2044 7 7
2035 11 2
2027 6 27
2062 9 16
2099 8 9
2090 12 28
2116 8 10
2080 2 29
2101 3 25
2107 5 15
2082 1 28
2047 4 14
2060 3 11
2070 10 15
2103 12 21
2067 5 7
2091 11 14
2027 9 23
2062 1 29
2094 12 13
2024 3 21
2064 11 11
2080 10 19
2113 6 17
2089 3 5
2069 5 19
2023 5 13
2109 2 25
2060 2 8
2054 6 15
2109 12 2
2116 3 9
2026 12 22
2030 2 6
2058 2 3
2090 5 31
2105 11 30
2078 11 20
2059 5 1
2022 10 24
2065 11 22
2101 6 18
2101 7 27
2036 2 23
2044 3 27
2103 11 13
2114 12 27
2044 8 12
2108 1 31
2059 1 22
2056 5 29
2027 6 10
2090 1 22
2059 1 22
2087 4 29
2024 9 26
2098 7 31
2037 1 14
2065 2 20
2110 9 20
2080 8 30
2109 10 22
2073 10 17
2037 2 26
2085 4 2
2077 5 31
2090 11 26
2054 9 10
2093 1 24
2077 6 16
2049 1 8
2060 8 11
2032 4 28
2066 1 4
2064 2 8
2080 10 7
2084 11 5
2102 9 25
2067 8 15
2040 1 21
2082 12 4
2033 8 19
2027 12 18
2061 1 31
2062 3 29
2068 10 18
2083 3 9
2056 2 15
2051 9 9
2065 5 6
2054 8 19
2019 4 29
2056 4 9
2111 8 27
2026 5 17
2053 10 7
2038 7 16
2056 5 6
2098 2 6
2082 9 7
2048 11 17
2034 3 28
2103 3 17
2030 1 6
2055 12 3
2094 9 21
2077 2 23
2104 4 18
2040 9 27
2061 3 10
2025 2 28
2049 1 25
2112 7 4
2088 12 30
2058 2 24
2069 10 31
2085 3 28
2019 12 9
2033 11 19
2048 4 29
2072 8 7
2059 9 27
2080 11 1
2087 5 15
2062 6 24
2034 11 28
2089 12 18
2055 4 13
2049 1 10
2055 9 11
2059 7 27
2047 8 13
2028 3 25
2106 9 23
2076 9 26
2029 11 21
2067 6 21
2075 8 20
2063 6 5
2064 7 31
2063 7 6
2115 11 1
2027 7 8
2036 8 15
2067 6 14
2040 1 15
2106 2 24
2050 7 6
2098 7 1
2054 6 20
2045 5 3
2036 6 14
2096 12 10
2084 11 8
2089 7 5
2095 12 8
2033 12 6
2075 2 2
2105 8 23
2105 2 13
2032 1 9
2060 6 21
2033 10 14
2067 11 3
2090 8 20
2022 9 16
2050 5 24
2116 11 26
2118 9 10
2073 6 16
2058 5 7
2057 4 19
2093 4 8
2048 7 22
2061 1 5
2053 2 14
2072 10 2
2107 1 13
2022 11 6
2097 8 3
2076 9 27
2028 9 21
2036 9 27
2019 3 28
2039 6 2
2073 5 7
2059 10 18
2026 6 5
2068 7 14
2047 7 9
2071 7 22
2077 9 14
2117 5 21
2035 2 16
2055 10 14
2035 11 14
2099 2 18
2108 7 28
2034 11 12
2066 9 28
2061 2 9
2053 11 27
2026 1 18
2065 4 2
2057 5 15
2041 6 26
2082 5 6
2040 7 14
2025 4 30
2095 1 8
2029 9 5
2042 11 14
2024 2 17
2098 2 4
2112 4 22
2019 11 19
2116 7 30
2054 2 27
2113 4 8
2060 12 14
2111 5 20
2076 8 8
2077 12 5
2100 7 23
2051 1 16
2049 1 30
2117 11 21
2082 4 18
2114 11 27
2051 10 10
2037 1 18
2079 7 9
2035 8 25
2059 3 27
2088 9 6
2089 6 13
2033 1 4
2062 6 26
2032 1 13
2025 12 24
2087 7 4
2041 2 7
2102 10 6
2086 7 30
2083 6 26
2087 8 6
2082 3 19
2064 8 5
2079 9 6
2067 3 29
2083 11 7
2027 10 19
2113 6 16
2037 5 14
2114 3 23
2116 4 15
2052 1 23
2091 2 16
2096 5 26
2076 11 23
2073 2 10
2102 3 15
2054 8 17
2087 4 12
2102 6 24
2065 12 7
2113 7 30
2068 8 11
2022 8 19
2043 6 24
2043 4 15
2029 6 5
2091 12 19
2075 11 11
2058 1 17
2066 8 15
2066 2 1
2100 5 1
2087 3 9
2068 12 17
2039 6 9
2079 1 23
2098 5 2
2089 4 11
2056 7 21
2071 2 21
2084 5 19
2063 1 21
2040 6 15
2029 1 28
2055 7 14
2064 8 6
2029 7 15
2035 6 19
2110 2 8
2108 12 9
2049 8 4
2088 8 10
2095 2 24
2059 1 8
2088 11 7
2044 11 12
2085 4 8
2026 12 21
2028 7 21
2080 5 10
2097 5 5
2092 8 17
2033 11 1
2116 11 9
2058 5 2
2104 12 8
2114 7 6
2100 11 22
2049 9 11
2046 5 9
2035 4 24
2026 12 20
2102 10 12
2080 7 20
2027 12 20
2098 1 28
2057 6 17
2070 8 5
2065 9 11
2059 10 8
2065 9 27
2048 5 6
2092 5 6
2114 8 3
2058 1 10
2037 7 5
2048 1 29
2022 11 25
2065 3 20
2094 10 20
2066 1 14
2024 6 18
2035 1 17
2025 6 14
2082 1 18
2105 5 8
2069 4 6
2035 11 14
2104 1 18
2091 10 4
2053 4 27
2028 11 26
2050 8 5
2034 3 14
2052 12 14
2061 12 1
2051 10 16
2091 3 17
2047 8 11
2022 11 11
2114 9 22
2101 11 13
2026 6 19
2099 5 7
2106 9 23
2039 6 2
2045 1 4
2037 3 16
2074 10 1
2094 3 24
2031 12 17
2096 2 15
2078 8 24
2087 4 22
2076 6 25
2076 6 3
2064 8 27
2088 7 16
2052 10 10
2050 2 23
2031 6 27
2020 3 24
2025 10 12
2054 9 14
2101 12 14
2085 4 26
2087 1 5
2046 10 30
2055 9 27
2110 4 21
2029 6 1
2036 12 4
2044 4 25
2046 10 11
2078 9 16
2047 7 28
2078 1 14
2116 3 22
2033 10 7
2105 6 23
2024 2 7
2067 7 20
2115 4 25
2071 4 8
2051 4 10
2057 5 18
2063 4 29
2052 4 1
2076 10 12
2034 9 21
2031 1 31
2024 7 23
2075 6 24
2058 3 6
2079 3 1
2024 6 10
2105 11 19
2025 8 27
2108 12 9
2050 3 14
2075 5 21
2033 9 6
2084 3 20
2093 9 14
2092 3 24
2052 9 22
2060 1 13
2104 10 30
2053 8 8
2065 7 23
2097 10 28
2055 10 20
2097 11 6
2093 2 21
2065 9 18
2063 5 12
2117 3 22
2064 3 7
2116 7 6
2075 8 12
2068 3 4
2072 12 21
2045 12 7
2049 4 28
2033 11 25
2029 9 16
2090 6 18
2057 7 15
2108 6 11
2025 12 28
2085 7 1
2088 6 27
2057 1 19
2030 4 5
2109 7 25
2114 7 15
2065 5 13
2100 11 13
2104 7 10
2084 6 25
2098 4 20
2111 11 2
2042 9 3
2085 6 15
2109 4 1
2055 1 3
2044 8 31
2054 11 23
2092 7 14
2061 1 23
2090 3 23
2103 1 1
2039 12 5
2080 2 14
2115 8 10
2106 10 23
2098 4 12
2027 4 4
2050 8 12
2070 3 26
2070 9 19
2034 11 24
2050 3 23
2101 1 16
2089 7 26
2067 10 23
2041 8 9
2108 9 13
2072 11 12
2066 12 2
2102 3 13
2018 12 27
2026 11 8
2048 9 21
2078 3 24
2070 3 13
2083 9 15
2022 10 27
2103 8 30
2095 2 16
2112 8 1
2054 10 11
2079 5 7
2082 6 25
2039 10 5
2022 2 25
2024 5 31
2047 11 12
2087 4 10
2106 3 29
2085 7 1
2054 1 17
2092 5 31
2082 8 11
2112 9 19
2042 9 6
2080 2 20
2117 11 2
2082 7 30
2086 12 21
2112 5 4
2096 8 7
2118 2 20
2036 4 3
2055 5 15
2065 5 21
2032 9 3
2032 10 17
2066 12 11
2098 12 5
2093 11 21
2027 10 23
2037 10 12
2105 11 29
2062 5 29
2038 11 19
2052 12 24
2112 10 14
2028 10 25
2091 1 28
2061 3 30
2077 2 11
2067 6 27
2021 5 29
2088 8 11
2067 12 3
2037 4 7
2030 1 24
2118 5 24
2103 9 23
2056 9 7
2097 4 4
2055 5 11
2094 9 1
2037 5 9
2049 4 3
2099 3 7
2116 10 10
2067 9 15
2056 7 26
2052 2 2
2115 12 4
2114 5 30
2114 9 5
2057 8 15
2101 3 13
2058 12 20
2107 3 8
2027 10 10
2097 10 8
2028 7 15
2117 9 17
2043 11 30
2079 1 18
2059 1 13
2094 1 18
2061 2 10
2066 11 19
2073 8 5
2064 11 29
2103 4 12
2073 7 23
2036 8 11
2033 8 21
2037 8 7
2097 3 12
2061 10 4
2059 7 29
2117 6 15
2060 2 6
2092 10 28
2040 4 16
2100 2 23
2092 5 16
2104 12 2
2107 6 27
2019 10 11
2118 2 13
2040 5 5
2038 3 28
2072 2 23
2080 2 27
2101 2 14
2095 12 7
2085 7 14
2097 6 30
2093 5 1
2106 9 30
2060 5 30
2036 8 25
2108 7 15
2022 2 15
2104 8 6
2059 5 7
2044 8 5
2063 9 1
2070 11 28
2039 11 22
2114 5 7
2042 9 24
2052 5 24
2084 9 8
2025 9 15
2031 8 21
2080 6 2
2041 9 30
2049 8 24
2082 10 22
2034 7 5
2112 4 23
2037 10 31
2081 7 10
2030 9 3
2101 3 31
2045 5 27
2110 11 5
2072 9 5
2109 5 11
2109 2 12
2070 10 30
2020 8 20
2033 4 20
2117 7 10
2104 1 9
2036 5 9
2036 7 3
2085 9 29
2031 10 13
2071 10 23
2048 10 13
2040 12 10
2076 8 30
2025 11 25
2051 10 7
2064 12 7
2042 12 24
2073 5 30
2037 12 20
2050 9 24
2060 12 12
2101 12 11
2050 6 6
2063 11 5
2048 5 5
2040 4 28
2085 12 26
2035 3 1
2070 7 16
2095 5 10
2049 8 19
2031 5 12
2113 9 23
2078 3 9
2118 3 14
2085 12 29
2075 11 12
2090 10 26
2079 2 28
2117 6 10
2105 8 28
2092 7 18
2117 8 11
2079 10 28
2053 6 5
2045 1 12
2084 5 7
2041 5 17
2058 6 28
2104 9 3
2087 1 24
2020 10 27
2073 6 17
2079 1 16
2076 5 16
2037 11 30
2029 12 3
2102 3 23
2105 8 16
2109 10 9
2083 11 15
2050 4 13
2064 12 12
2025 9 22
2047 4 15
2100 2 4
2033 10 5
2081 9 14
2089 12 26
2079 4 26
2038 8 7
2057 11 21
2058 7 2
2094 7 1
2076 10 10
2083 7 28
2050 12 7
2021 10 31
2073 12 13
2036 1 31
2092 6 11
2099 5 2
2091 10 7
2096 7 21
2066 12 14
2040 8 26
2036 6 19
2073 1 13
2051 2 1
2110 12 6
2072 12 29
2104 3 20
2079 4 17
2021 4 25
2092 10 10
2077 8 19
2059 3 29
2061 6 16
2033 10 26
2029 1 1
2118 2 27
2031 5 27
2104 10 9
2031 5 4
2061 4 5
2114 8 26
2086 7 30
2103 3 31
2098 1 5
2034 6 27
2079 6 14
2046 9 13
2061 3 2
2105 3 3
2102 1 24
2116 5 6
2053 3 18
2021 12 1
2039 9 19
2072 6 7
2062 1 16
2042 5 28
2051 4 9
2077 3 22
2090 10 22
2048 11 3
2063 9 3
2096 11 19
2076 12 15
2065 1 18
2068 4 8
2031 3 17
2034 12 1
2060 5 26
2079 10 21
2043 1 24
2063 2 22
2077 8 10
2111 10 10
2032 5 4
2068 2 18
2030 5 29
2021 3 17
2062 5 31
2071 12 29
2081 7 17
2071 6 11
2048 3 25
2080 5 19
2025 12 13
2066 3 19
2067 1 30
2091 5 12
2110 6 1
2085 12 22
2074 9 22
2054 10 25
2047 3 5
2110 3 2
2044 3 26
2091 7 18
2094 9 10
2115 2 5
2080 5 1
2048 12 27
2067 7 16
2081 1 27
2053 12 17
2080 1 19
2040 4 8
2085 1 22
2103 1 23
2095 4 22
2082 8 14
2097 11 30
2078 2 6
2079 2 21
2034 12 28
2064 6 10
2114 11 9
2022 3 27
2071 6 26
2117 9 20
2045 12 8
2048 8 6
2100 11 19
2070 8 13
2051 5 20
2061 1 11
2090 2 24
2035 3 11
2038 3 6
2058 3 26
2054 7 14
2039 12 20
2097 9 7
2103 4 26
2035 2 5
2035 6 2
2094 5 16
2031 10 15
2047 12 7
2100 1 14
2102 7 29
2040 12 8
2047 1 3
2023 10 11
2019 1 10
2063 12 8
2054 2 7
2055 8 20
2032 11 13
2070 4 15
2116 12 16
2077 5 9
2035 7 26
2033 2 23
2025 1 10
2095 5 14
2049 2 10
2092 8 29
2035 4 28
2031 1 28
2083 2 19
2055 2 7
2111 8 21
2064 8 29
2072 7 24
2107 8 7
2050 8 24
2038 9 30
2113 4 12
2109 5 29
2059 6 10
2055 7 8
2091 4 19
2072 11 17
2074 6 17
2088 11 7
2026 9 4
2019 4 15
2028 7 20
2091 11 16
2048 4 4
2078 7 1
2083 3 7
2107 7 1
2108 12 21
2095 12 4
2073 8 22
2044 7 23
2057 3 24
2084 6 23
2099 12 21
2078 9 12
2045 3 14
2070 3 16
2079 12 3
2035 5 14
2028 5 9
2035 8 6
2078 10 2
2087 11 6
2059 11 10
2072 4 21
2090 10 26
2028 5 24
2076 6 3
2081 12 2
2034 7 25
2096 12 28
2030 12 27
2027 10 18
2031 7 29
2056 12 26
2100 5 4
2111 4 2
2070 8 7
2049 5 3
2116 4 25
2065 7 28
2070 7 25
2069 2 27
2097 7 8
2045 9 12
2067 4 20
2104 6 13
2069 5 28
2078 2 7
2099 2 12
2087 10 9
2032 4 26
2101 11 4
2114 1 23
2029 9 19
2097 1 23
2036 4 8
2099 5 31
2060 3 3
2107 1 28
2036 8 1
2034 11 4
2117 4 16
2104 8 24
2068 4 25
2053 10 4
2058 3 18
2021 1 25
2076 2 17
2048 8 27
2061 12 10
2035 8 6
2067 11 18
2101 8 25
2068 12 7
2101 7 25
2048 9 19
2031 9 12
2027 9 28
2089 11 10
2117 11 24
2077 11 15
2106 4 16
2067 4 6
2023 4 7
2113 3 30
2088 1 30
2097 11 20
2079 11 1
2094 9 4
2035 1 10
2100 11 1
2050 3 5
2103 4 16
2073 5 4
2078 9 26
2067 8 8
2083 8 3
2069 4 13
2111 3 30
2118 6 13
2097 1 17
2103 9 18
2088 9 9
2096 11 15
2066 6 14
2032 6 23
2039 5 4
2092 9 29
2040 2 4
2070 12 14
2093 12 24
2022 12 26
2116 7 23
2090 8 5
2113 8 2
2082 9 13
2019 11 4
2048 1 24
2113 1 9
2038 5 19
2115 3 31
2109 12 12
2066 12 5
2031 11 28
2066 4 14
2064 2 17
2113 3 7
2076 5 16
2032 6 24
2088 9 20
2045 1 5
2062 6 5
2113 11 6
2042 12 20
2030 4 16
2027 5 20
2106 5 1
2078 6 7
2074 3 20
2073 12 29
2055 11 6
2033 10 15
2019 6 4
2098 3 6
2085 4 21
2094 11 29
2072 7 12
2035 5 24
2066 9 16
2073 11 22
2038 12 22
2077 5 25
2022 12 6
2115 6 4
2104 1 1
2102 2 22
2082 1 31
2090 3 15
2026 1 29
2036 8 31
2106 12 10
2096 9 1
2076 4 6
2099 9 5
2090 5 5
2024 4 25
2052 2 2
2044 8 8
2042 12 27
2098 5 17
2071 8 7
2105 6 1
2064 12 31
2075 3 15
2028 8 16
2034 11 28
2031 3 13
2021 2 1
2056 8 26
2105 12 14
2104 2 18
2111 12 26
2115 1 10
2077 9 22
2105 10 27
2108 1 6
2097 12 11
2060 3 4
2116 7 13
2084 2 14
2028 6 23
2020 5 23
2025 8 28
2074 2 27
2055 7 13
2108 2 12
2047 4 29
2066 5 22
2102 3 30
2080 11 6
2023 2 9
2106 2 22
2117 3 10
2074 4 5
2068 3 6
2033 11 20
2048 7 9
2110 10 24
2099 1 15
2035 4 27
2043 12 24
2100 7 29
2082 7 3
2051 5 11
2054 9 21
2077 7 6
2057 12 19
2106 3 18
2086 8 1
2104 11 28
2097 5 17
2075 9 25
2027 8 10
2059 9 24
2115 3 10
2055 3 5
2088 1 1
2035 7 9
2048 7 11
2043 9 12
2043 12 23
2086 11 10
2061 5 3
2051 3 27
2099 11 2
2102 5 27
2104 2 1
2080 10 30
2091 7 23
2054 12 24
2089 11 6
2110 4 7
2097 10 1
2028 7 8
2106 10 6
2019 5 8
2109 9 19
2111 10 1
2064 4 29
2026 4 28
2067 1 7
2105 3 2
2082 5 6
2026 10 5
2074 2 27
2114 10 25
2102 8 3
2071 11 28
2052 2 19
2055 11 23
2102 5 28
2034 10 27
2061 9 11
2037 7 13
2103 11 4
2020 4 16
2109 9 24
2059 6 10
2061 10 28
2078 6 24
2028 7 12
2114 5 13
2031 11 19
2056 12 15
2088 9 22
2040 12 8
2058 3 30
2103 5 19
2106 5 19
2046 11 22
2118 7 12
2107 6 21
2096 1 13
2027 6 1
2026 10 29
2104 5 8
2089 1 22
2061 4 2
2022 7 26
2080 8 19
2025 6 29
2048 2 23
2118 5 12
2108 5 12
2118 6 12
2062 2 26
2080 5 11
2066 8 22
2068 8 2
2102 4 11
2042 12 2
2086 8 29
2058 11 20
2033 2 17
2061 9 24
2090 7 29
2043 1 19
2074 11 13
2054 11 20
2069 7 13
2032 12 8
2085 5 26
2091 6 7
2037 12 24
2063 3 1
2106 1 12
2105 6 12
2117 5 2
2057 12 15
2086 5 18
2030 9 18
2040 7 6
2028 7 29
2070 6 21
2062 11 7
2095 9 27
2082 7 12
2033 2 15
2064 5 21
2019 12 15
2073 4 19
2085 3 2
2036 12 14
2053 6 19
2100 11 19
2059 2 11
2052 8 14
2032 8 17
2088 2 4
2050 6 15
2078 10 1
2056 6 17
2039 7 20
2106 7 27
2082 9 7
2099 12 13
2100 10 9
2044 9 3
2067 4 20
2064 4 8
2075 9 20
2079 12 7
2085 3 5
2079 3 6
2048 8 12
2038 5 11
2068 5 2
2034 10 6
2076 4 29
2095 1 7
2115 6 21
2066 2 12
2084 10 2
2111 3 14
2087 5 7
2082 4 5
2054 7 11
2050 5 15
2023 6 23
2072 3 17
2029 7 3
2043 5 23
2078 11 20
2080 1 25
2080 5 15
2064 3 6
2090 7 27
2048 11 11
2039 5 4
2034 12 7
2106 11 28
2019 8 24
2092 7 27
2108 2 18
2106 11 9
2039 3 31
2115 12 28
2100 6 6
2045 2 15
2106 8 7
2071 8 10
2080 4 12
2040 10 23
2021 4 24
2086 7 30
2059 3 1
2048 1 4
2066 11 9
2102 12 7
2047 9 19
2048 7 14
2040 6 11
2033 12 16
2049 10 14
2050 12 13
2070 12 24
2041 12 6
2068 10 9
2035 5 22
2088 9 12
2046 9 24
2032 6 14
2066 3 18
2090 4 21
2057 7 9
2112 4 2
2047 2 17
2100 5 14
2065 8 13
2096 4 3
2067 5 28
2048 1 20
2077 1 2
2047 8 9
2082 4 16
2033 9 14
2036 11 20
2048 12 31
2107 2 1
2043 12 7
2068 4 7
2054 8 10
2022 5 20
2055 5 14
2101 6 25
2052 8 7
2079 6 26
2041 11 22
2117 12 16
2094 5 21
2044 7 25
2046 12 15
2108 10 5
2108 5 24
2065 4 21
2116 11 12
2108 11 30
2066 1 24
2071 2 21
2094 5 26
2060 9 24
2025 12 20
2032 7 9
2051 11 9
2087 8 20
2063 3 13
2049 12 5
2030 6 10
2099 5 17
2023 12 28
2048 6 27
2082 6 16
2025 11 23
2065 5 26
2075 12 9
2031 4 10
2111 10 8
2073 1 10
2069 1 30
2074 6 4
2066 10 20
2025 11 5
2069 10 29
2041 10 2
2020 12 13
2090 10 3
2035 1 5
2097 8 21
2034 3 26
2103 12 11
2052 9 7
2092 3 1
2034 10 4
2057 5 15
2046 11 18
2044 3 11
2106 4 25
2020 8 6
2032 1 6
2113 5 18
2053 5 2
2108 1 25
2026 12 27
2044 7 16
2038 3 13
2041 7 12
2049 8 11
2115 2 7
2038 4 21
2103 8 24
2101 9 19
2074 7 17
2036 5 10
2049 7 19
2045 7 2
2108 5 18
2098 7 11
2117 5 13
2116 2 20
2107 3 22
2030 3 23
2020 7 21
2073 4 24
2104 10 29
2077 12 16
2090 9 2
2083 3 22
2083 5 5
2109 12 15
2044 12 2
2020 8 23
2087 7 8
2058 5 16
2027 10 9
2064 5 9
2067 7 15
2115 1 16
2061 5 14
2020 12 23
2024 1 2
2038 1 30
2112 12 21
2114 8 16
2081 5 18
2041 8 6
2080 10 17
2075 9 8
2035 7 14
2019 10 21
2113 7 16
2029 4 12
2079 11 8
2054 2 13
2058 2 28
2028 2 7
2053 2 25
2055 2 6
2033 3 23
2103 10 18
2082 4 29
2032 1 17
2117 11 23
2105 2 3
2103 3 13
2074 6 21
2114 5 15
2108 7 18
2087 1 12
2020 10 7
2089 3 13
2030 5 13
2056 11 21
2028 7 31
2108 6 7
2086 1 18
2039 11 18
2079 5 19
2092 2 22
2063 12 10
2022 10 3
2088 3 12
2090 2 28
2097 9 6
2078 3 27
2113 12 16
2021 10 25
2055 7 13
2075 9 6
2086 9 12
2087 9 9
2115 11 4
2059 4 20
2099 3 15
2059 1 2
2096 12 16
2114 8 4
2091 5 14
2108 6 9
2099 5 18
2112 4 17
2055 3 24
2097 3 2
2025 5 17
2080 9 18
2023 3 5
2034 9 11
2075 3 31
2101 8 29
2058 12 23
2115 7 19
2087 8 15
2070 12 3
2100 2 22
2097 3 26
2066 1 27
2085 2 16
2094 7 28
2061 4 5
2037 3 4
2094 9 8
2065 3 1
2083 3 31
2076 9 27
2064 11 27
2085 8 5
2025 3 11
2084 12 7
2035 8 4
2072 9 29
2097 2 14
2038 7 11
2033 7 30
2035 11 25
2076 12 11
2068 8 24
2076 9 19
2109 9 23
2041 9 23
2086 3 17
2108 9 18
2019 8 20
2071 9 18
2089 7 1
2022 12 15
2066 11 14
2115 10 8
2042 7 18
2098 6 7
2115 8 3
2054 4 10
2020 3 24
2086 9 21
2021 1 1
2030 9 17
2092 1 15
2114 2 2
2067 1 30
2074 1 15
2034 4 13
2064 3 24
2029 9 28
2107 12 26
2024 2 12
2030 6 5
2083 7 24
2076 12 31
2032 3 7
2035 2 26
2075 5 12
2038 2 2
2035 2 24
2040 3 9
2071 8 9
2073 10 2
2104 10 19
2084 5 18
2073 2 23
2099 10 18
2047 1 25
2100 8 16
2032 7 26
2067 8 26
2081 9 16
2051 1 1
2118 5 9
2051 8 2
2112 5 6
2048 5 23
2034 2 7
2045 2 12
2088 12 27
2059 4 23
2081 4 19
2035 7 1
2043 10 13
2025 9 6
2047 8 19
2078 10 17
2021 4 11
2021 6 11
2064 7 9
2060 9 30
2037 3 25
2060 1 28
2046 5 21
2073 7 7
2025 7 24
2054 8 14
2062 5 2
2080 8 12
2036 1 17
2045 3 31
2066 2 22
2024 4 24
2113 1 27
2102 3 4
2049 5 31
2043 8 19
2095 10 5
2102 3 30
2085 8 23
2104 1 7
2064 10 31
2054 1 10
2081 11 5
2067 7 26
2118 6 20
2068 5 22
2031 6 26
2065 12 4
2115 5 25
2067 5 14
2067 6 1
2075 6 6
2071 3 11
2064 6 4
2116 2 14
2112 2 23
2050 3 16
2078 10 29
2034 4 2
2115 12 2
2026 10 10
2093 8 21
2098 5 12
2023 10 24
2073 10 3
2052 4 10
2096 3 21
2113 11 19
2055 8 18
2078 1 19
2076 9 16
2029 4 30
2063 10 12
2055 8 6
2038 8 27
2115 4 19
2049 8 31
2071 11 17
2108 6 22
2065 2 17
2085 12 7
2112 10 26
2104 11 28
2081 6 7
2117 10 16
2071 1 9
2048 6 4
2067 11 30
2059 7 7
2067 11 15
2081 10 9
2026 9 14
2023 6 18
2024 6 17
2019 11 6
2065 11 27
2070 1 23
2051 4 15
2054 4 10
2051 5 26
2067 7 7
2110 10 17
2060 8 21
2060 10 17
2081 10 30
2027 8 12
2098 7 11
2111 6 11
2058 5 25
2060 11 7
2099 1 16
2110 4 22
2036 6 22
2044 6 11
2066 5 2
2110 2 1
2051 10 18
2118 5 13
2094 11 11
2073 7 27
2029 9 13
2111 3 21
2114 2 2
2112 7 1
2023 4 2
2110 12 24
2059 2 10
2082 5 8
2085 6 29
2082 8 10
2087 7 20
2076 6 15
2098 8 16
2084 5 29
2031 3 18
2083 6 23
2089 6 10
2100 1 9
2101 3 29
2063 12 4
2021 3 15
2064 5 9
2034 1 26
2114 11 10
2021 2 1
2029 2 15
2057 2 20
2025 8 17
2032 6 22
2040 9 26
2094 6 24
2069 9 7
2059 1 4
2033 10 26
2099 6 28
2103 11 25
2061 2 3
2060 6 30
2063 3 15
2088 4 29
2077 2 2
2055 12 2
2070 7 31
2037 3 17
2083 10 21
2072 8 27
2095 5 25
2108 3 3
2079 11 7
2095 7 22
2072 10 23
2111 4 20
2043 12 31
2088 7 1
2109 4 3
2031 1 2
2034 1 19
2023 4 13
2090 12 18
2093 4 15
2061 9 16
2069 8 30
2091 1 8
2043 1 16
2046 8 9
2079 6 29
2089 7 15
2091 7 6
2096 4 9
2099 7 4
2114 10 15
2099 2 28
2061 9 30
2031 2 19
2055 6 17
2026 12 16
2032 11 6
2093 4 22
2114 9 30
2046 5 20
2099 11 28
2058 12 1
2034 8 23
2065 10 10
2080 4 14
2064 12 17
2044 9 10
2087 12 20
2112 6 5
2025 4 15
2069 7 11
2110 11 23
2072 4 6
2075 6 5
2073 11 20
2115 12 7
2104 6 21
2105 5 16
2022 7 22
2116 4 11
2072 4 2
2026 3 7
2088 3 1
2077 2 17
2047 12 8
2059 1 8
2080 3 24
2106 9 3
2077 8 31
2074 12 13
2062 8 11
2085 12 31
2087 1 6
2050 10 5
2025 6 26
2044 4 29
2103 8 25
2043 5 4
2099 8 10
2078 3 22
2089 9 11
2076 2 12
2108 11 4
2108 3 30
2069 7 25
2084 1 28
2079 9 9
2020 9 22
2101 3 3
2052 9 12
2030 1 18
2046 5 2
2103 3 13
2107 9 25
2087 9 26
2044 3 11
2115 4 28
2105 3 20
2109 4 12
2027 2 7
2045 12 21
2065 8 16
2076 1 28
2039 10 1
2067 11 11
2089 9 17
2034 6 3
2106 8 11
2085 9 13
2046 2 27
2087 11 26
2083 10 5
2083 10 13
2031 8 26
2078 3 10
2115 12 25
2025 2 4
2045 10 29
2106 10 29
2093 11 22
2031 8 9
2072 10 21
2100 2 25
2065 9 16
2021 1 27
2114 5 28
2114 6 4
2057 4 21
2107 10 27
2067 8 16
2059 10 17
2085 11 24
2063 2 5
2102 7 26
2025 5 8
2100 5 13
2111 9 17
2043 4 5
2094 3 19
2050 6 23
2093 12 1
2055 12 6
2025 1 3
2024 8 26
2057 5 16
2103 3 19
2065 2 21
2104 11 3
2033 3 1
2037 1 30
2019 4 25
2047 3 29
2094 9 11
2063 10 3
2075 7 8
2089 4 2
2083 7 2
2043 3 10
2107 12 7
2087 8 3
2085 10 18
2094 2 19
2062 6 12
2077 12 7
2043 7 29
2069 5 21
2059 2 23
2082 9 3
2030 5 10
2076 8 31
2066 3 2
2076 10 16
2037 12 6
2057 5 18
2027 9 24
2099 6 23
2062 7 17
2108 4 17
2076 7 24
2089 3 23
2062 5 3
2066 4 1
2057 11 22
2060 9 19
2102 10 2
2047 11 7
2073 1 26
2103 4 6
2066 6 28
2056 1 17
2064 5 23
2117 6 6
2081 6 2
2046 11 25
2101 10 20
2103 9 6
2083 7 8
2064 9 29
2055 7 18
2034 8 28
2077 10 9
2074 4 6
2037 8 18
2092 9 15
2068 4 8
2105 4 21
2071 2 9
2081 1 10
2060 3 27
2047 1 21
2080 3 10
2063 10 20
2094 5 23
2026 4 9
2075 2 24
2062 12 8
2075 9 14
2051 12 6
2053 6 6
2057 6 19
2102 10 10
2034 4 23
2092 4 8
2090 4 14
2068 3 1
2106 6 21
2020 8 5
2114 10 7
2114 2 4
2040 5 11
2089 12 8
2057 4 18
2064 6 12
2065 11 6
2075 4 18
2085 9 15
2073 5 17
2031 8 16
2106 11 23
2071 9 2
2050 9 30
2115 12 19
2051 8 9
2030 8 1
2101 1 4
2108 3 13
2079 8 27
2083 5 11
2116 7 10
2104 4 27
2061 3 21
2048 5 9
2030 7 12
2038 1 10
2086 1 17
2077 4 2
2039 9 12
2062 4 29
2054 4 27
2070 6 18
2101 9 11
2117 2 21
2094 5 18
2117 8 10
2076 10 31
2047 5 8
2058 4 14
2055 7 1
2021 8 17
2053 7 14
2105 4 21
2046 11 21
2114 7 16
2092 8 21
2061 3 26
2068 6 16
2100 5 17
2105 6 29
2037 7 6
2074 6 4
2064 7 4
2056 2 18
2040 3 3
2020 10 1
2038 11 10
2081 5 3
2076 11 10
2111 2 2
2097 3 7
2111 8 10
2048 10 1
2087 6 7
2019 1 6
2029 11 8
2066 9 24
2107 3 13
2032 7 14
2035 3 3
2054 8 23
2083 11 1
2067 5 22
2098 8 15
2093 8 9
2061 2 2
2028 7 25
2028 4 27
2053 2 21
2038 3 17
2103 10 24
2056 12 13
2086 11 2
2058 2 16
2111 1 24
2029 12 21
2040 1 1
2035 11 16
2052 11 30
2051 5 17
2097 2 4
2027 9 26
2056 12 31
2080 7 6
2038 1 22
2083 7 22
2021 11 10
2056 8 1
2091 3 18
2077 5 7
2047 3 28
2116 4 2
2031 4 21
2077 3 18
2033 11 11
2044 1 29
2111 5 17
2063 8 19
2096 11 5
2096 12 20
2069 4 3
2097 3 16
2089 2 17
2036 5 27
2073 7 23
2088 9 21
2107 8 18
2102 1 23
2085 1 18
2072 7 20
2038 5 17
2075 5 30
2103 12 4
2047 7 28
2097 6 3
2118 1 23
2043 11 15
2035 9 20
2085 6 7
2060 12 31
2030 6 3
2040 9 23
2040 8 19
2033 6 3
2025 2 27
2086 8 15
2044 10 19
2066 2 2
2066 5 12
2075 9 5
2065 3 22
2045 11 11
2039 8 21
2058 8 18
2095 3 2
2106 9 22
2030 6 1
2043 3 6
2110 10 22
2073 2 6
2048 8 30
2065 8 10
2033 1 21
2032 10 28
2080 3 9
2080 11 15
2111 10 9
2057 10 17
2039 7 16
2032 10 23
2052 9 27
2105 9 7
2029 9 25
2106 11 3
2049 9 20
2064 10 24
2053 4 9
2043 5 5
2115 2 25
2085 2 24
2041 8 26
2031 11 25
2074 3 20
2101 11 5
2042 3 13
2099 9 13
2037 11 4
2103 4 10
2042 3 10
2044 5 2
2107 2 24
2040 5 3
2027 2 20
2074 5 8
2022 8 4
2096 8 28
2110 4 16
2107 12 13
2043 1 18
2090 8 23
2051 11 25
2059 12 27
2099 7 31
2108 6 17
2118 2 4
2071 4 7
2045 4 1
2044 2 7
2098 6 20
2078 12 25
2111 1 2
2055 6 3
2075 8 25
2090 8 9
2043 6 12
2078 7 29
2105 2 4
2027 7 26
2109 1 29
2101 4 4
2093 9 3
2048 5 22
2103 12 19
2064 11 20
2082 2 19
2063 11 9
2062 2 4
2082 1 2
2079 3 2
2085 6 2
2061 7 9
2024 6 3
2110 11 16
2053 2 27
2096 10 25
2019 3 28
2051 10 22
2068 12 17
2049 5 23
2039 12 9
2023 9 14
2112 11 4
2076 1 26
2064 5 20
2060 4 7
2041 1 31
2116 1 1
2065 7 31
2106 3 18
2076 6 15
2077 5 12
2034 1 15
2066 10 29
2076 5 2
2035 10 23
2117 2 17
2083 5 17
2049 10 25
2063 7 31
2036 9 18
2054 12 31
2077 10 20
2047 5 31
2025 8 17
2020 9 15
2109 12 2
2111 12 6
2092 10 5
2030 9 15
2112 10 1
2043 12 16
2025 1 31
2029 3 2
2076 9 1
2049 7 1
2067 5 26
2103 7 14
2045 3 2
2091 11 23
2112 2 14
2090 10 23
2077 10 28
2079 3 6
2095 8 7
2099 5 22
2052 8 17
2056 7 24
2028 1 26
2102 2 5
2024 2 27
2079 7 21
2039 8 15
2080 12 23
2111 3 25
2093 10 20
2069 9 6
2100 11 28
2023 5 16
2102 7 14
2029 8 3
2049 7 17
2103 8 10
2022 4 3
2034 5 12
2033 2 19
2095 10 10
2039 6 21
2068 8 10
2050 7 23
2024 3 18
2103 9 13
2071 7 13
2093 8 24
2114 3 8
2067 2 8
2099 10 31
2049 2 5
2019 5 8
2075 1 2
2048 12 21
2062 8 19
2044 8 28
2070 8 13
2115 8 10
2023 5 24
2058 8 12
2065 10 28
2106 3 13
2113 8 28
2023 9 15
2072 4 30
2052 12 23
2081 7 4
2072 4 20
2019 6 2
2078 4 9
2056 8 12
2039 5 1
2107 1 2
2039 4 26
2077 8 14
2072 7 31
2112 7 31
2090 1 2
2065 8 17
2020 6 26
2092 11 2
2057 5 31
2089 6 14
2039 11 24
2107 11 12
2089 5 26
2048 9 17
2052 5 31
2065 11 14
2032 3 9
2035 11 25
2019 2 22
2100 9 17
2108 5 5
2109 2 8
2036 4 16
2055 2 12
2047 3 9
2112 3 19
2075 9 8
2028 12 29
2087 4 13
2079 2 27
2091 10 13
2095 9 23
2067 1 14
2076 4 7
2034 12 5
2117 11 26
2070 2 20
2062 7 29
2099 8 14
2039 4 5
2031 11 5
2043 1 24
2048 12 4
2096 8 4
2033 1 3
2036 12 24
2044 11 21
2025 8 26
2051 11 6
2080 12 12
2045 5 13
2075 3 6
2065 11 13
2049 7 29
2022 11 25
2099 3 10
2020 10 13
2049 4 17
2072 8 20
2093 2 6
2053 7 11
2054 12 31
2070 9 14
2045 8 6
2059 2 14
2039 2 24
2050 11 9
2113 12 26
2069 4 21
2045 9 9
2028 7 25
2022 2 17
2063 3 19
2046 6 27
2114 7 10
2086 8 16
2049 12 25
2061 2 28
2042 2 6
2052 8 22
2096 7 12
2078 9 23
2115 1 26
2092 5 5
2025 5 28
2047 2 24
2093 10 21
2113 1 5
2101 3 14
2105 4 28
2020 12 10
2023 4 17
2081 8 11
2075 5 4
2083 5 22
2043 2 8
2075 6 5
2111 2 20
2051 4 19
2029 4 13
2065 1 7
2068 4 7
2047 4 21
2048 12 29
2116 9 6
2112 7 7
2024 6 24
2068 8 19
2103 1 7
2105 10 29
2063 4 7
2100 12 2
2083 8 6
2074 7 6
2069 11 17
2104 8 15
2093 6 25
2105 2 5
2076 4 11
2090 1 1
2056 9 21
2031 12 23
2024 8 27
2035 4 12
2023 2 28
2087 2 15
2021 2 28
2106 10 25
2065 2 28
2046 3 5
2070 7 6
2082 3 5
2047 1 31
2090 5 20
2105 3 3
2048 5 15
2059 8 26
2033 6 10
2042 9 18
2094 5 24
2060 2 17
2045 4 24
2090 4 11
2106 7 18
2078 1 10
2110 2 10
2110 12 28
2041 10 6
2067 8 12
2057 7 3
2115 11 3
2085 9 11
2078 10 21
2088 5 12
2026 2 16
2045 1 5
2023 6 17
2098 6 15
2108 9 13
2028 5 14
2106 2 15
2055 6 17
2103 7 4
2064 3 10
2080 2 22
2112 3 17
2070 8 10
2097 1 11
2038 8 2
2051 10 8
2108 4 11
2097 10 24
2025 11 7
2087 12 23
2101 9 16
2082 4 17
2074 3 14
2064 8 31
2064 10 23
2074 7 4
2041 1 5
2082 10 11
2044 8 2
2109 3 28
2102 7 25
2021 4 13
2031 1 6
2044 1 3
2091 1 21
2117 5 12
2080 1 5
2032 8 8
2097 7 27
2039 1 29
2043 10 2
2034 2 20
2097 2 18
2076 11 23
2032 3 19
2081 2 10
2053 9 12
2047 9 2
2051 3 3
2094 8 19
2105 5 27
2081 9 15
2022 6 1
2116 9 11
2089 8 20
2075 4 16
2020 4 25
2109 3 7
2084 11 15
2116 11 8
2040 5 29
2059 4 20
2032 11 20
2075 4 29
2085 9 16
2060 1 15
2021 11 14
2116 4 24
2076 5 8
2118 9 15
2035 7 27
2081 3 12
2066 6 24
2070 4 25
2110 7 23
2023 5 10
2051 10 31
2069 10 9
2019 11 4
2069 11 19
2030 8 25
2077 6 1
2030 2 25
2097 12 9
2021 1 30
2084 9 3
2033 6 23
2058 6 29
2108 7 23
2035 9 5
2062 7 22
2034 7 31
2095 11 27
2104 7 31
2045 2 15
2115 1 22
2066 10 9
2052 2 21
2041 4 27
2092 1 7
2083 1 15
2048 11 28
2029 3 5
2056 6 2
2024 6 28
2095 12 11
2027 7 27
2044 9 22
2028 4 2
2020 7 16
2020 1 8
2079 7 2
2103 2 2
2063 6 8
2059 2 3
2036 4 3
2117 5 4
2098 6 12
2023 3 30
2071 1 16
2069 5 7
2039 6 23
2094 9 14
2042 6 26
2038 1 19
2111 11 14
2050 11 13
2053 10 17
2108 9 30
2061 4 18
2036 3 13
2080 8 17
2062 2 11
2047 4 27
2102 4 18
2039 12 31
2083 7 15
2069 5 14
2103 6 19
2098 9 1
2044 9 26
2067 4 26
2043 1 16
2054 9 11
2044 11 7
2107 8 5
2080 8 24
2112 9 12
2033 2 20
2063 8 31
2049 6 8
2103 6 25
2075 8 16
2044 12 2
2061 2 6
2099 6 17
2027 9 22
2096 8 18
2104 6 23
2078 12 18
2080 2 5
2052 12 24
2093 9 6
2059 12 21
2107 3 27
2084 1 21
2072 6 25
2085 1 7
2054 9 30
2062 6 28
2058 6 8
2030 2 17
2047 5 12
2090 4 2
2027 11 8
2041 8 11
2093 6 25
2092 7 28
2047 3 6
2040 2 23
2039 12 21
2103 3 18
2089 12 27
2057 1 29
2055 2 10
2050 7 10
2088 8 30
2078 5 30
2044 4 28
2021 4 23
2106 1 24
2082 2 12
2055 12 17
2056 5 7
2061 9 8
2061 9 20
2042 1 30
2033 5 20
2081 1 24
2087 4 11
2086 5 19
2102 2 13
2062 3 21
2079 9 4
2027 11 29
2103 7 20
2082 3 31
2021 1 5
2089 3 25
2111 8 10
2061 12 25
2096 11 24
2091 1 25
2069 3 30
2058 12 24
2059 9 6
2078 4 20
2079 4 13
2078 8 14
2061 12 16
2054 9 19
2093 5 21
2024 12 23
2087 12 16
2078 11 11
2081 3 5
2091 3 6
2108 10 19
2116 8 2
2092 1 29
2021 6 3
2054 4 17
2053 9 2
2098 12 17
2068 3 23
2095 8 23
2095 11 9
2056 1 22
2105 11 15
2061 7 22
2045 2 23
2104 4 4
2078 8 11
2043 6 23
2061 5 27
2044 5 28
2110 5 11
2031 2 2
2084 5 4
2038 4 11
2099 6 2
2096 10 10
2025 11 23
2044 2 19
2031 3 21
2054 4 13
2027 9 1
2089 11 17
2053 4 23
2058 8 29
2055 2 14
2111 12 27
2085 3 16
2038 11 6
2085 6 16
2094 6 20
2117 6 8
2021 12 26
2043 11 5
2092 7 18
2069 7 29
2067 3 5
2069 1 28
2097 12 30
2069 2 2
2031 3 6
2105 8 27
2059 8 29
2047 8 6
2038 10 12
2118 2 16
2118 5 28
2060 1 24
2083 9 11
2055 12 19
2046 11 29
2021 12 29
2089 12 27
2043 7 7
2112 2 17
2061 1 31
2022 2 16
2116 8 5
2077 6 7
2066 10 11
2034 7 1
2085 4 2
2114 7 30
2028 7 15
2054 10 24
2075 7 14
2111 4 19
2104 9 1
2024 10 6
2111 5 29
2088 5 28
2040 11 10
2069 6 21
2103 2 12
2025 1 4
2117 4 28
2028 5 6
2042 4 21
2056 10 15
2071 8 31
2039 6 16
2030 9 17
2053 6 25
2094 9 15
2107 12 4
2046 10 29
2072 12 16
2088 11 21
2061 7 23
2043 5 31
2038 1 23
2025 5 18
2021 8 3
2097 11 13
2026 4 27
2101 7 27
2053 6 8
2090 3 5
2084 6 24
2109 8 22
2023 10 14
2094 1 27
2026 11 20
2081 9 12
2027 6 6
2040 8 25
2087 10 3
2098 11 19
2053 3 9
2106 4 29
2028 12 8
2050 6 8
2047 12 6
2035 5 1
2111 11 27
2074 1 9
2066 11 8
2038 2 4
2024 12 30
2019 11 10
2039 4 30
2064 10 4
2071 12 13
2034 3 16
2042 11 6
2074 6 10
2028 11 7
2103 7 21
2096 6 28
2034 5 15
2108 8 6
2095 7 11
2031 3 12
2114 2 4
2090 6 26
2070 6 2
2114 9 26
2075 3 14
2104 9 22
2116 1 7
2038 8 16
2048 6 8
2078 8 11
2111 8 30
2108 2 14
2044 3 31
2096 5 20
2027 10 16
2090 3 31
2034 10 7
2116 1 21
2049 8 19
2041 1 18
2117 10 23
2043 8 31
2054 1 17
2032 10 15
2040 10 13
2100 3 18
2030 6 11
2073 10 29
2109 12 18
2051 8 2
2088 6 26
2092 8 22
2061 3 29
2085 9 4
2090 12 27
2091 12 20
2073 4 18
2019 4 23
2099 11 30
2081 11 15
2097 8 15
2043 8 29
2108 6 22
2068 4 29
2080 8 23
2029 5 13
2065 9 21
2055 10 27
2060 6 21
2109 9 4
2096 1 31
2058 8 22
2026 10 17
2087 3 25
2075 4 11
2054 2 9
2053 8 7
2057 3 12
2068 8 1
2046 12 19
2100 12 21
2054 1 5
2116 8 1
2034 3 16
2067 1 22
2115 12 13
2115 5 22
2071 10 29
2046 9 20
2050 4 18
2032 10 17
2092 9 28
2068 9 22
2084 4 24
2046 9 2
2027 12 10
2063 4 26
2068 8 12
2112 11 7
2088 9 10
2083 7 10
2118 9 18
2097 12 3
2091 7 24
2082 3 30
2039 3 24
2109 5 26
2031 5 28
2022 6 13
2105 10 11
2022 9 25
2066 9 26
2054 3 27
2054 12 2
2042 7 20
2072 6 29
2042 8 24
2087 6 5
2110 5 25
2118 5 10
2021 12 24
2030 7 22
2100 12 9
2043 6 9
2022 9 7
2023 2 8
2078 1 9
2112 10 20
2044 8 14
2042 11 11
2105 11 7
2020 1 28
2057 10 13
2031 11 2
2060 5 2
2060 1 20
2077 6 20
2056 2 23
2108 8 22
2091 5 26
2067 11 12
2056 12 23
2053 2 16
2081 10 8
2054 10 9
2072 10 23
2022 8 16
2112 5 8
2044 7 9
2063 8 10
2047 3 27
2054 12 15
2108 12 7
2053 6 21
2084 1 5
2071 5 29
2082 2 16
2047 8 11
2034 3 8
2030 9 1
2085 6 5
2084 1 1
2084 6 5
2082 7 14
2113 9 11
2045 9 28
2061 5 12
2114 4 17
2071 11 16
2034 3 5
2113 12 31
2049 6 4
2097 9 21
2080 7 4
2082 2 3
2095 9 4
2036 9 6
2025 10 19
2085 8 18
2076 2 8
2038 9 14
2094 1 13
2044 3 3
2054 12 4
2084 9 12
2040 11 30
2098 11 28
2091 1 2
2099 12 13
2097 5 25
2074 11 4
2086 1 6
2086 3 30
2051 1 12
2019 6 22
2020 12 19
2073 9 27
2092 8 9
2030 3 28
2067 12 13
2116 11 13
2095 3 29
2083 7 1
2029 9 14
2118 4 21
2043 11 20
2086 9 18
2096 8 1
2059 8 27
2047 1 20
2019 6 17
2065 1 22
2082 11 27
2061 7 22
2065 9 1
2106 4 20
2039 4 22
2085 8 2
2084 1 5
2100 3 18
2053 9 17
2068 3 23
2033 5 25
2076 5 22
2038 9 28
2112 2 12
2070 7 31
2071 5 31
2057 9 8
2051 7 16
2040 9 4
2100 6 30
2099 8 25
2075 7 24
2099 9 21
2107 4 26
2032 8 20
2086 12 20
2088 1 22
2079 7 30
2030 9 24
2087 5 3
2059 2 21
2079 9 10
2044 8 15
2041 9 16
2038 1 18
2051 8 5
2057 7 4
2069 8 16
2038 7 12
2117 10 14
2031 11 1
2066 5 6
2049 9 6
2114 7 2
2053 6 26
2055 9 11
2106 7 17
2023 7 5
2076 5 14
2024 1 23
2042 11 6
2108 2 17
2091 6 18
2079 10 2
2116 2 23
2054 7 25
2083 9 27
2039 4 28
2079 2 1
2115 12 28
2079 6 20
2117 4 2
2069 3 13
2028 4 4
2087 2 4
2118 8 13
2115 10 18
2060 7 29
2044 2 20
2088 1 11
2081 12 4
2100 7 24
2025 12 24
2092 2 20
2091 11 3
2069 10 20
2042 5 6
2043 1 21
2075 4 24
2021 6 21
2037 4 6
2039 1 10
2091 8 19
2090 1 21
2068 5 13
2059 8 16
2096 5 21
2066 11 14
2044 12 29
2072 9 6
2088 9 30
2051 4 6
2071 1 23
2092 11 28
2088 3 2
2110 4 29
2037 9 18
2022 2 25
2093 4 23
2084 5 28
2080 5 12
2078 11 14
2047 10 24
2081 10 9
2063 10 30
2037 6 19
2062 10 23
2026 5 12
2071 2 3
2090 1 19
2048 3 5
2090 4 3
2073 12 12
2105 2 17
2028 5 28
2064 5 10
2108 6 1
2038 3 18
2113 11 16
2112 8 23
2106 7 19
2033 3 16
2081 4 11
2118 4 5
2065 9 19
2075 3 10
2102 5 25
2051 1 12
2092 10 22
2108 12 12
2092 11 4
2116 5 15
2087 1 19
2025 5 16
2028 4 8
2106 12 12
2071 7 24
2099 4 14
2031 5 5
2100 4 29
2082 5 23
2025 11 12
2056 9 20
2057 4 30
2091 4 4
2071 3 25
2043 3 16
2069 7 2
2107 11 26
2059 5 5
2083 5 14
2080 7 9
2112 8 14
2040 1 13
2115 3 19
2090 1 30
2022 5 13
2065 9 5
2090 12 21
2052 3 17
2024 4 11
2077 10 13
2050 6 28
2061 8 1
2039 12 22
2052 3 31
2026 11 13
2069 4 17
2048 1 29
2062 7 11
2096 11 24
2084 5 31
2072 8 24
2106 7 15
2042 2 1
2054 11 3
2087 2 9
2055 8 21
2093 11 8
2032 8 15
2078 9 18
2109 8 31
2107 4 8
2066 12 25
2025 3 6
2066 3 13
2087 7 17
2042 6 20
2052 9 14
2087 4 9
2070 12 19
2071 5 24
2069 6 11
2087 6 15
2072 6 18
2095 10 8
2051 1 23
2092 7 15
2100 12 10
2079 4 15
2030 5 22
2065 6 4
2083 11 5
2054 4 11
2063 11 25
2035 4 13
2024 11 9
2025 10 28
2035 3 7
2089 3 3
2044 5 20
2090 3 9
2062 5 21
2041 2 24
2037 6 29
2040 6 20
2084 7 31
2070 1 29
2113 3 13
2051 6 16
2095 4 19
2098 1 19
2079 12 5
2115 12 28
2081 1 21
2042 11 30
2047 12 11
2077 10 22
2042 6 26
2066 12 9
2035 12 29
2096 4 21
2045 9 27
2090 1 9
2095 9 3
2040 5 15
2053 7 19
2052 5 14
2026 12 12
2064 11 15
2028 4 13
2057 1 7
2041 1 14
2080 8 21
2055 12 27
2063 3 25
2021 8 30
2023 1 15
2109 9 17
2092 1 4
2040 2 5
2103 4 2
2100 7 21
2066 1 20
2051 3 1
2053 5 12
2078 1 27
2044 12 23
2106 9 20
2093 3 23
2043 5 14
2089 4 11
2073 2 17
2094 9 26
2112 6 23
2080 11 30
2096 8 26
2083 12 19
2058 12 28
2056 4 23
2048 5 23
2091 3 18
2104 3 18
2050 12 28
2106 12 26
2074 8 18
2033 4 6
2085 1 15
2103 1 8
2057 10 15
2109 1 20
2024 8 19
2067 5 9
2047 3 8
2051 11 16
2031 11 3
2058 4 27
2081 12 12
2101 8 24
2069 9 17
2082 4 19
2043 12 27
2031 12 20
2018 12 10
2024 6 29
2096 10 19
2018 12 9
2112 7 27
2098 12 28
2065 3 8
2039 9 27
2042 9 29
2043 4 27
2020 10 2
2051 12 29
2078 5 28
2090 5 27
2090 8 29
2081 3 13
2114 6 29
2039 9 18
2059 9 15
2080 5 1
2048 1 31
2037 1 29
2085 6 6
2083 7 6
2103 3 12
2069 10 6
2065 10 16
2022 8 6
2059 10 2
2026 11 28
2061 7 25
2048 8 18
2116 8 25
2056 1 29
2103 6 2
2026 11 20
2116 8 8
2059 5 15
2042 9 1
2094 4 29
2031 6 20
2045 11 14
2032 8 6
2080 10 4
2065 1 10
2102 8 18
2047 4 30
2083 9 30
2063 6 28
2097 4 3
2103 4 3
2078 4 5
2038 7 16
2019 12 5
2105 8 4
2088 4 13
2108 8 7
2097 1 4
2108 8 20
2054 8 2
2048 9 8
2105 5 24
2088 7 28
2086 8 8
2098 12 15
2110 6 10
2034 4 30
2087 4 24
2087 3 9
2032 8 24
2051 8 4
2068 1 30
2070 9 21
2062 3 17
2092 1 3
2109 9 14
2111 10 22
2069 5 23
2047 7 26
2111 9 12
2026 11 6
2095 9 19
2061 10 23
2020 4 9
2048 11 17
2088 9 26
2093 2 12
2094 7 8
2093 3 8
2107 3 9
2038 11 27
2072 11 16
2067 2 2
2113 7 24
2034 9 20
2091 2 27
2072 7 8
2025 4 18
2071 5 13
2114 11 8
2036 11 1
2045 7 29
2062 7 23
2032 8 17
2111 8 2
2109 9 1
2047 5 6
2077 2 25
2082 9 6
2028 10 16
2036 4 14
2107 9 6
2038 11 19
2084 3 25
2050 4 7
2020 10 22
2104 3 7
2096 9 3
2096 3 16
2053 1 29
2070 10 8
2045 6 12
2054 10 9
2056 3 23
2082 5 22
2025 9 9
2108 1 3
2046 8 3
2088 4 23
2040 5 9
2074 6 8
2025 10 25
2095 5 29
2089 8 30
2036 12 26
2029 2 11
2031 4 20
2086 12 14
2026 6 9
2064 10 13
2106 10 25
2059 3 18
2115 12 24
2110 4 26
2108 10 25
2102 9 17
2023 12 29
2044 10 24
2067 3 31
2031 1 29
2097 8 19
2092 1 12
2047 2 18
2112 1 27
2114 7 6
2109 3 19
2086 10 16
2078 8 3
2055 8 19
2084 7 10
2105 9 13
2077 2 12
2113 10 23
2047 6 11
2026 12 15
2021 9 19
2076 7 13
2107 10 12
2053 2 19
2077 9 4
2094 9 22
2026 9 13
2019 3 26
2027 11 17
2090 9 22
2025 2 13
2058 4 2
2116 1 23
2032 2 15
2118 2 20
2022 10 16
2021 12 15
2113 4 25
2047 3 5
2101 6 30
2055 6 11
2019 8 5
2027 9 30
2074 4 6
2060 8 13
2083 5 28
2050 11 14
2045 1 11
2070 2 22
2022 10 22
2113 10 9
2114 10 27
2098 1 9
2032 11 6
2072 6 1
2038 6 7
2055 1 20
2042 6 24
2019 3 24
2101 5 16
2048 12 2
2115 8 22
2111 7 24
2043 1 29
2039 9 1
2075 10 3
2110 2 13
2109 9 2
2101 8 11
2084 11 22
2061 8 1
2025 10 22
2074 11 25
2080 4 9
2083 1 24
2091 9 18
2047 3 27
2055 11 9
2093 7 15
2116 6 30
2059 11 25
2045 5 25
2056 8 23
2117 8 13
2037 3 7
2115 4 2
2076 4 10
2060 8 27
2091 7 5
2068 8 15
2109 5 2
2036 7 16
2038 11 26
2038 1 30
2069 3 9
2091 8 16
2054 8 21
2102 8 12
2045 2 17
2089 10 16
2074 11 3
2035 2 17
2101 2 5
2096 9 7
2020 11 5
2045 1 14
2093 7 30
2059 5 29
2096 8 27
2027 4 29
2052 4 17
2028 6 2
2105 2 13
2040 5 6
2097 1 7
2088 11 20
2095 7 23
2037 7 30
2036 9 19
2025 5 29
2116 10 16
2072 3 5
2113 2 5
2052 2 20
2081 9 13
2106 9 27
2031 8 7
2023 9 22
2028 4 10
2035 8 24
2111 5 21
2063 7 29
2030 10 25
2069 6 7
2066 11 4
2106 2 7
2071 7 1
2107 2 9
2031 8 13
2041 7 8
2046 10 11
2080 8 20
2079 11 4
2101 7 8
2112 8 22
2031 8 8
2068 4 14
2023 11 27
2048 10 26
2055 4 11
2115 11 8
2061 6 8
2054 2 28
2035 5 6
2075 9 24
2101 8 30
2076 1 9
2097 5 4
2040 6 1
2115 3 1
2098 10 3
2110 9 18
2112 6 4
2079 2 25
2114 8 14
2038 7 1
2052 7 31
2098 9 10
2092 9 15
2098 11 12
2078 11 19
2066 8 19
2092 7 15
2062 8 14
2036 2 4
2035 5 18
2107 6 21
2098 2 7
2041 2 9
2097 4 12
2032 12 31
2022 7 15
2076 9 30
2107 12 18
2063 3 9
2087 2 26
2076 9 14
2066 7 3
2101 2 2
2084 6 6
2103 3 24
2076 7 28
2076 3 16
2068 4 10
2104 9 4
2077 11 10
2083 1 15
2041 10 18
2054 11 16
2031 1 4
2095 12 4
2038 10 21
2050 10 25
2118 3 6
2056 4 2
2033 7 20
2026 4 24
2035 12 12
2082 2 2
2106 4 13
2054 12 17
2106 8 16
2061 4 9
2074 11 3
2066 11 26
2035 12 15
2032 7 2
2114 7 14
2030 5 9
2093 5 12
2043 7 14
2034 6 13
2036 1 23
2035 4 23
2033 12 27
2034 6 17
2048 4 19
2080 5 22
2036 1 13
2088 7 9
2054 10 8
2019 8 8
2034 6 29
2116 4 24
2059 7 13
2034 3 20
2044 5 9
2079 10 9
2054 11 27
2108 12 3
2069 5 20
2098 10 15
2075 8 23
2041 1 19
2025 6 17
2091 12 18
2037 1 10
2108 7 28
2050 4 1
2022 12 15
2036 5 28
2047 4 25
2094 11 16
2084 11 7
2045 10 27
2061 7 19
2086 8 23
2071 10 21
2028 7 24
2064 3 20
2098 5 19
2092 8 23
2114 9 7
2055 7 10
2077 11 6
2076 9 14
2089 2 18
2087 5 20
2043 12 20
2033 3 18
2116 12 1
2115 2 7
2036 3 19
2093 10 28
2111 10 28
2063 3 9
2068 2 27
2035 8 15
2111 10 26
2111 4 2
2077 4 28
2037 12 22
2069 8 22
2084 4 8
2080 2 14
2031 10 8
2080 12 25
2036 1 11
2053 3 12
2022 3 4
2041 1 6
2093 8 24
2090 6 23
2103 3 25
2089 8 26
2031 7 2
2031 3 14
2077 10 25
2105 4 3
2070 11 9
2108 3 22
2029 7 22
2112 12 25
2052 9 5
2019 9 13
2041 11 26
2072 7 26
2103 6 29
2105 3 19
2029 9 5
2087 7 19
2095 6 1
2058 5 23
2067 5 14
2068 1 30
2038 7 24
2031 2 15
2031 12 11
2107 4 12
2112 4 14
2026 8 26
2025 1 15
2041 5 19
2046 8 23
2098 10 14
2074 11 19
2039 1 10
2078 7 29
2104 10 22
2113 8 21
2091 11 20
2061 2 22
2049 11 16
2051 2 17
2117 3 19
2021 1 30
2059 5 1
2022 12 21
2100 6 4
2102 6 10
2104 5 10
2032 3 18
2094 5 18
2118 2 10
2060 5 18
2099 12 25
2059 1 15
2082 10 16
2039 8 10
2112 2 2
2044 4 20
2097 11 10
2038 12 5
2073 12 15
2080 11 17
2023 6 20
2112 7 16
2067 11 21
2023 3 27
2041 12 9
2091 3 18
2090 5 17
2058 2 21
2038 4 10
2049 7 13
2061 7 17
2059 9 17
2110 4 8
2030 8 30
2085 8 4
2041 4 29
2117 4 4
2067 6 16
2072 5 18
2108 1 1
2046 10 22
2072 7 19
2041 11 15
2052 8 26
2088 6 2
2114 8 13
2041 12 16
2117 6 27
2107 6 15
2029 4 27
2053 11 14
2062 3 26
2020 3 11
2095 6 17
2076 5 30
2075 3 30
2078 9 18
2073 11 27
2069 10 28
2082 12 8
2118 4 17
2110 5 2
2110 1 29
2095 3 19
2031 8 14
2090 4 6
2097 6 5
2056 12 8
2035 7 9
2053 3 12
2031 12 23
2081 10 17
2069 10 5
2076 5 30
2045 1 24
2052 1 8
2053 3 4
2094 2 16
2047 1 1
2037 8 14
2090 5 2
2102 9 26
2107 2 3
2092 8 5
2022 12 15
2060 3 1
2095 3 18
2102 8 30
2052 4 11
2027 11 24
2100 4 12
2088 12 23
2108 11 26
2044 5 26
2048 5 9
2099 10 22
2117 7 7
2062 7 10
2050 6 25
2070 7 30
2116 1 30
2040 10 22
2031 1 21
2112 9 26
2106 3 4
2046 11 30
2078 8 5
2045 10 2
2051 5 3
2087 7 10
2084 7 13
2072 2 11
2084 11 19
2098 11 24
2111 7 2
2048 10 9
2117 7 21
2101 1 21
2103 11 22
2056 3 2
2032 10 27
2032 2 22
2018 12 26
2064 12 5
2081 8 9
2023 6 21
2096 6 20
2035 10 16
2064 7 20
2079 3 21
2059 4 13
2102 8 23
2096 10 13
2019 10 25
2038 5 30
2053 1 24
2087 9 30
2027 12 30
2086 5 14
2039 2 19
2048 2 6
2033 5 22
2085 9 25
2023 10 19
2066 7 14
2105 12 2
2049 2 11
2066 4 18
2102 4 30
2096 11 15
2033 4 22
2019 3 23
2031 12 11
2039 10 2
2116 4 17
2069 10 22
2113 2 1
2023 10 3
2063 6 16
2090 10 20
2094 9 30
2022 11 4
2068 6 25
2030 11 12
2048 3 1
2091 5 25
2026 10 11
2111 3 28
2081 5 27
2051 5 24
2083 3 6
2021 10 17
2106 11 19
2070 5 26
2049 6 7
2021 11 7
2103 1 31
2044 10 30
2103 11 11
2053 10 24
2049 12 10
2068 1 16
2097 8 24
2021 2 3
2114 12 16
2102 1 1
2108 7 14
2026 4 11
2075 10 4
2088 12 8
2030 4 12
2103 1 26
2108 6 16
2107 4 7
2025 4 24
2056 9 11
2091 1 20
2022 11 4
2053 10 1
2067 9 26
2088 5 4
2048 11 24
2056 2 25
2073 6 15
2048 4 13
2040 5 6
2113 7 10
2071 10 8
2021 9 9
2107 2 26
2086 2 19
2074 7 15
2098 11 12
2061 11 11
2061 6 18
2109 5 11
2054 5 10
2110 2 15
2028 4 30
2041 2 23
2059 9 24
2099 2 26
2107 4 21
2038 3 17
2077 4 19
2058 3 10
2060 2 11
2034 8 4
2028 7 19
2086 1 28
2082 11 28
2061 10 15
2093 7 7
2035 12 10
2031 10 12
2113 3 27
2022 9 20
2086 3 9
2045 7 3
2050 11 30
2033 2 15
2053 9 10
2026 11 28
2066 6 9
2075 2 1
2026 3 31
2034 6 6
2099 11 3
2034 8 11
2036 3 16
2105 2 28
2059 8 14
2062 3 30
2039 6 15
2021 1 7
2114 4 13
2045 11 24
2025 8 31
2044 2 1
2115 2 21
2058 9 6
2087 2 12
2071 6 7
2075 12 12
2053 2 9
2072 5 4
2027 4 26
2061 3 23
2085 10 30
2067 4 8
2086 2 13
2074 10 4
2031 10 25
2075 8 6
2083 7 12
2035 10 1
2056 1 17
2023 10 22
2067 3 14
2034 7 24
2094 8 21
2028 1 10
2073 4 4
2115 11 4
2101 3 23
2092 11 28
2034 3 28
2050 11 14
2054 5 22
2099 2 9
2104 8 27
2040 11 27
2113 4 2
2047 3 19
2106 11 21
2028 5 4
2035 1 30
2048 9 17
2089 11 2
2098 5 7
2063 5 4
2096 3 17
2086 9 26
2038 1 6
2022 5 27
2025 11 16
2118 2 26
2099 2 19
2059 8 27
2031 11 6
2094 10 4
2078 2 26
2054 3 7
2104 9 22
2113 9 15
2113 7 12
2069 9 15
2107 9 27
2046 7 9
2034 7 14
2024 7 21
2074 6 28
2037 6 4
2044 2 7
2030 3 15
2055 2 8
2094 12 3
2095 9 18
2082 7 31
2092 6 2
2028 11 16
2104 9 15
2047 9 11
2061 11 1
2103 11 23
2081 3 13
2113 5 22
2090 11 8
2038 6 27
2041 8 8
2043 3 26
2077 7 4
2075 5 21
2109 10 31
2039 1 13
2101 1 4
2079 11 13
2094 9 6
2104 8 29
2061 2 15
2049 9 5
2032 12 15
2105 10 12
2019 8 17
2040 5 25
2069 11 11
2089 6 21
2040 2 19
2052 1 21
2084 2 24
2086 5 22
2038 8 29
2077 7 5
2062 8 29
2049 1 22
2058 7 17
2089 6 24
2065 8 13
2019 8 8
2105 4 3
2079 8 6
2031 2 7
2105 10 12
2031 2 28
2099 8 1
2082 9 17
2111 4 16
2020 8 7
2092 11 19
2109 7 20
2094 12 27
2091 2 4
2107 9 10
2085 12 8
2111 12 16
2024 9 17
2097 3 27
2060 9 21
2090 8 11
2109 9 24
2046 3 5
2083 12 31
2034 4 11
2038 2 27
2093 9 7
2087 8 11
2068 1 7
2086 2 19
2029 11 27
2069 6 25
2025 9 2
2097 12 15
2087 8 2
2098 11 11
2113 4 27
2038 6 17
2094 10 4
2110 2 5
2031 12 10
2031 9 12
2078 3 21
2106 12 19
2098 6 8
2084 9 19
2058 12 2
2081 4 28
2024 6 24
2021 7 17
2019 10 22
2039 7 5
2064 12 14
2022 11 8
2067 8 26
2037 10 20
2041 9 1
2106 9 28
2025 3 24
2025 1 5
2056 5 2
2072 1 31
2059 4 22
2071 9 27
2051 2 12
2020 2 1
2055 4 18
2109 8 1
2078 2 10
2080 3 14
2100 7 31
2052 10 18
2066 12 6
2032 4 16
2113 2 10
2100 8 7
2021 1 28
2080 7 21
2104 11 12
2066 12 4
2036 4 14
2041 4 21
2060 11 6
2023 4 5
2034 12 6
2092 4 16
2077 10 31
2022 7 19
2073 4 3
2088 9 1
2078 7 27
2088 2 27
2049 11 8
2089 3 22
2023 5 20
2074 7 15
2068 6 25
2042 6 12
2099 7 10
2029 1 6
2082 11 4
2102 7 3
2086 6 18
2100 12 20
2036 3 5
2091 2 24
2088 8 3
2070 1 2
2114 10 27
2055 5 17
2082 4 4
2116 4 24
2075 9 8
2036 9 5
2032 10 25
2030 9 11
2105 2 8
2019 8 18
2078 9 12
2089 5 12
2080 6 3
2053 9 5
2019 2 22
2081 3 29
2080 6 1
2045 7 7
2085 9 14
2090 7 6
2050 3 3
2116 7 17
2066 5 24
2086 3 18
2082 12 18
2078 11 28
2040 6 7
2047 1 14
2108 5 16
2104 2 12
2064 10 15
2115 2 17
2028 4 5
2106 9 9
2068 9 26
2114 5 21
2027 4 25
2058 7 7
2091 10 29
2027 12 12
2028 4 30
2084 3 16
2063 3 20
2116 5 6
2057 11 4
2030 3 12
2106 8 31
2113 12 3
2094 5 25
2071 7 1
2074 8 7
2063 3 20
2092 1 3
2095 1 19
2089 6 19
2087 8 29
2097 2 1
2037 1 27
2037 12 12
2033 1 15
2087 8 26
2049 1 4
2061 3 6
2112 11 4
2048 2 24
2102 9 22
2095 2 22
2043 10 2
2035 1 31
2067 4 4
2090 11 1
2100 11 8
2110 4 25
2026 11 18
2036 3 10
2032 4 7
2109 8 21
2046 8 11
2046 10 15
2093 2 20
2051 10 26
2082 9 8
2083 10 17
2035 5 10
2034 2 3
2058 9 1
2091 12 14
2088 4 23
2030 4 23
2020 9 12
2070 8 29
2058 12 23
2109 2 22
2117 3 2
2047 12 12
2115 10 22
2048 11 4
2057 12 13
2053 6 27
2022 7 5
2087 4 26
2022 3 11
2080 10 26
2070 10 14
2040 8 11
2060 7 7
2106 9 17
2069 8 3
2063 12 11
2038 2 1
2115 1 4
2111 12 9
2041 10 2
2041 12 23
2097 2 11
2110 12 1
2069 1 22
2077 3 26
2107 3 10
2041 3 17
2096 9 12
2095 1 12
2023 9 21
2086 11 23
2065 12 18
2088 8 13
2092 1 17
2079 9 16
2084 7 30
2057 4 25
2037 10 4
2044 12 20
2063 10 27
2081 11 8
2020 8 13
2112 10 22
2106 5 29
2037 9 30
2109 11 18
2106 10 3
2040 9 6
2075 7 29
2108 11 10
2033 10 13
2076 1 1
2109 12 22
2040 9 14
2057 9 12
2094 2 7
2036 4 10
2052 2 19
2045 7 31
2064 8 29
2026 6 25
2023 1 5
2057 2 14
2078 5 11
2083 1 26
2104 9 8
2118 10 20
2031 4 10
2107 11 14
2086 5 28
2108 10 2
2092 6 1
2039 7 10
2041 11 20
2112 8 5
2037 12 21
2050 7 20
2104 1 5
2063 3 14
2113 2 23
2092 4 16
2049 6 14
2086 8 2
2079 2 18
2097 12 2
2118 7 11
2115 5 9
2109 8 11
2056 6 18
2086 9 25
2093 7 25
2055 9 23
2040 4 29
2079 1 17
2086 10 24
2116 6 8
2098 2 27
2019 4 5
2071 5 12
2041 7 17
2116 1 20
2085 12 4
2082 6 27
2084 11 22
2026 1 6
2074 1 19
2071 7 17
2053 6 1
2034 4 26
2111 4 28
2026 3 13
2076 12 26
2091 8 20
2089 1 26
2097 5 4
2035 7 3
2108 6 25
2106 10 2
2056 8 12
2065 12 28
2056 8 31
2031 3 8
2050 4 14
2059 7 9
2054 12 14
2072 11 29
2055 7 27
2040 7 22
2054 12 1
2065 8 8
2043 2 19
2046 9 26
2104 8 10
2053 9 28
2117 9 5
2087 10 20
2093 8 8
2095 3 7
2035 5 5
2083 12 21
2047 8 31
2067 10 8
2030 11 14
2072 12 28
2094 2 5
2019 1 30
2036 11 26
2073 9 6
2073 1 19
2022 8 3
2118 3 28
2039 3 1
2028 6 2
2038 5 12
2070 4 22
2025 3 31
2019 3 7
2099 8 24
2020 1 27
2083 11 6
2095 7 10
2087 1 12
2096 1 20
2026 9 18
2098 6 22
2071 11 5
2079 3 15
2098 2 27
2083 9 17
2083 8 19
2057 3 29
2058 10 6
2062 3 10
2107 10 24
2039 3 6
2113 6 14
2044 11 15
2051 6 29
2037 5 9
2040 8 22
2060 4 25
2048 8 17
2106 3 21
2063 6 25
2090 2 21
2074 5 9
2106 8 25
2038 9 30
2050 6 23
2088 12 17
2029 11 27
2103 9 2
2028 10 14
2082 8 5
2098 2 1
2066 9 16
2077 6 9
2052 8 16
2091 2 20
2072 3 28
2044 9 2
2105 2 16
2100 10 23
2021 9 6
2057 8 3
2046 2 27
2057 4 13
2067 2 1
2115 2 21
2030 5 23
2110 10 29
2020 6 18
2041 3 14
2092 8 29
2048 4 7
2030 4 8
2030 10 14
2111 9 8
2050 6 11
2049 9 29
2095 4 13
2105 7 20
2065 11 20
2019 7 18
2040 12 19
2103 7 20
2110 9 28
2047 10 27
2111 8 11
2115 6 11
2038 8 11
2118 7 28
2040 1 2
2043 5 3
2022 5 14
2116 7 7
2101 11 15
2045 7 23
2070 6 21
2054 6 5
2036 7 19
2031 6 10
2116 7 21
2085 3 1
2056 10 31
2063 11 15
2069 5 8
2034 10 20
2023 8 27
2036 7 6
2116 9 13
2116 12 18
2059 7 22
2023 2 17
2022 9 30
2105 3 2
2116 7 20
2112 9 10
2054 6 23
2020 6 1
2060 11 22
2030 2 17
2102 2 19
2071 12 7
2091 6 10
2042 1 31
2105 12 3
2057 1 28
2088 8 27
2105 11 24
2090 6 17
2047 9 18
2061 1 2
2081 6 17
2023 4 29
2085 1 31
2042 5 21
2092 9 21
2033 12 2
2019 2 26
2093 8 6
2112 1 6
2055 4 15
2118 10 21
2030 7 11
2088 9 3
2054 1 10
2044 10 19
2077 5 25
2057 9 12
2025 12 28
2099 5 24
2043 4 26
2080 11 22
2057 4 3
2020 3 22
2029 9 1
2059 2 25
2105 12 3
2030 2 13
2034 7 6
2034 9 24
2051 10 28
2061 1 31
2046 1 13
2111 9 8
2084 7 7
2043 1 26
2078 11 10
2103 1 19
2087 3 3
2098 7 16
2068 4 15
2096 1 22
2109 11 8
2051 6 15
2072 12 8
2056 12 18
2045 11 11
2087 3 16
2079 10 5
2058 8 16
2052 7 4
2088 2 22
2108 3 11
2051 5 6
2036 2 27
2044 1 31
2052 10 6
2067 1 10
2028 4 17
2087 4 29
2032 8 29
2068 8 6
2020 7 18
2086 7 27
2074 4 26
2021 12 16
2087 11 9
2030 7 22
2045 11 28
2092 1 13
2035 5 4
2101 11 1
2090 12 5
2056 1 6
2054 5 28
2038 9 13
2114 3 12
2039 5 2
2111 6 16
2029 4 14
2039 4 28
2093 11 23
2105 1 13
2055 10 26
2066 4 8
2068 4 20
2096 5 7
2073 4 17
2095 1 9
2063 10 31
2067 10 18
2075 11 28
2023 10 12
2034 12 9
2038 8 28
2028 4 17
2039 9 25
2025 4 7
2063 12 20
2055 2 18
2052 4 2
2071 6 8
2111 7 5
2117 3 2
2068 10 16
2039 6 9
2063 2 9
2022 1 22
2050 2 7
2085 8 11
2077 3 25
2041 8 1
2070 6 21
2073 10 23
2116 1 28
2070 4 5
2102 12 22
2037 7 30
2117 4 18
2078 11 14
2109 7 3
2060 11 24
2045 10 31
2106 10 1
2112 7 11
2048 3 18
2042 3 18
2117 1 17
2058 6 6
2043 7 12
2056 11 2
2028 12 8
2023 4 2
2105 1 26
2036 2 2
2104 9 15
2039 7 5
2105 2 21
2089 11 18
2037 8 26
2114 10 9
2104 7 4
2020 9 8
2042 12 15
2059 8 28
2033 6 5
2074 2 21
2082 2 28
2036 8 23
2025 8 15
2105 12 29
2024 3 12
2063 7 22
2039 3 7
2070 2 20
2059 8 25
2058 8 20
2025 6 15
2057 11 19
2057 11 30
2046 1 20
2093 1 29
2064 1 6
2035 6 13
2064 1 27
2085 2 17
2084 9 15
2113 8 17
2058 8 17
2112 10 23
2080 1 16
2025 9 5
2059 9 14
2061 11 13
2066 1 4
2071 9 25
2115 8 14
2097 10 1
2054 4 21
2062 12 4
2099 1 22
2053 4 17
2086 6 7
2040 5 7
2034 8 20
2113 6 18
2028 2 20
2079 9 29
2040 4 18
2059 11 10
2023 7 27
2095 9 9
2082 11 14
2095 4 23
2111 2 18
2024 10 10
2095 12 30
2034 7 11
2019 4 9
2049 4 17
2118 3 30
2117 3 7
2102 2 24
2102 3 3
2107 3 8
2102 10 7
2111 5 3
2098 10 10
2113 11 26
2103 10 16
2083 2 7
2108 1 21
2056 10 24
2113 8 4
2036 8 19
2075 8 2
2091 11 30
2024 2 22
2090 9 11
2093 8 26
2115 2 16
2091 7 27
2089 1 22
2026 9 4
2073 1 6
2084 6 22
2045 3 16
2048 12 9
2028 6 15
2109 12 2
2034 5 13
2062 12 9
2032 12 14
2081 3 22
2042 3 26
2031 10 26
2088 4 18
2034 7 28
2070 4 28
2097 10 28
2077 7 25
2099 2 15
2030 11 19
2069 12 26
2102 12 5
2102 8 5
2061 12 8
2071 6 9
2087 12 7
2071 11 9
2067 10 20
2079 12 22
2082 10 20
2080 10 6
2043 1 7
2068 2 21
2040 7 10
2057 7 18
2053 3 25
2021 3 2
2071 11 7
2028 2 9
2118 1 13
2023 9 15
2104 3 6
2042 5 6
2031 7 28
2108 11 17
2038 4 6
2077 5 18
2045 8 28
2109 1 29
2098 12 31
2037 2 25
2051 9 8
2082 4 18
2065 12 20
2118 7 29
2057 4 17
2067 8 12
2098 12 2
2115 6 10
2050 8 15
2023 3 20
2045 9 3
2021 1 5
2029 11 25
2103 3 2
2028 5 5
2019 7 31
2113 8 12
2033 5 2
2024 2 17
2086 9 3
2078 4 3
2045 7 7
2115 11 28
2108 5 27
2036 11 27
2084 5 18
2071 2 22
2069 10 21
2077 2 10
2052 5 26
2044 6 1
2070 9 27
2099 11 12
2079 4 20
2049 10 4
2117 9 16
2113 3 8
2060 12 3
2062 1 24
2033 7 10
2038 11 9
2023 5 21
2040 3 25
2068 1 20
2104 9 10
2114 4 25
2046 11 22
2053 11 21
2037 4 12
2044 4 16
2115 12 20
2093 12 26
2073 10 29
2074 9 3
2085 1 8
2061 9 4
2023 3 21
2061 11 14
2067 11 29
2109 12 14
2110 3 22
2040 5 16
2096 12 4
2046 4 26
2084 2 7
2022 7 12
2067 8 14
2025 3 22
2086 1 27
2075 12 3
2069 11 12
2098 5 11
2026 11 7
2070 12 12
2028 6 5
2111 9 14
2045 10 15
2054 11 26
2019 5 2
2108 9 24
2048 4 14
2094 12 23
2057 6 17
2060 5 7
2079 1 28
2103 7 19
2030 5 21
2114 8 25
2033 1 30
2034 10 21
2037 12 6
2053 3 16
2092 11 26
2114 7 1
2046 10 23
2070 11 27
2085 3 14
2105 3 11
2019 8 12
2092 7 13
2029 10 22
2069 8 13
2114 6 7
2104 1 21
2077 12 21
2086 5 17
2094 8 14
2073 1 6
2055 9 19
2070 11 26
2080 8 3
2113 10 5
2047 9 15
2064 3 27
2078 7 17
2059 6 13
2032 10 2
2028 1 15
2074 5 20
2093 1 22
2036 9 10
2031 2 17
2022 3 31
2095 12 15
2034 6 15
2046 4 16
2021 9 3
2044 9 19
2103 1 6
2117 1 27
2073 12 1
2083 2 21
2093 9 8
2082 8 3
2054 10 10
2039 12 19
2084 5 3
2086 10 14
2112 1 27
2114 8 5
2028 12 20
2040 3 14
2112 1 29
2037 9 9
2103 8 24
2095 5 27
2049 3 31
2085 7 31
2091 10 26
2096 2 10
2084 4 11
2096 11 28
2035 4 15
2046 7 18
2112 4 21
2059 3 21
2032 8 22
2048 10 21
2091 1 23
2073 7 12
2113 12 3
2104 10 29
2064 1 29
2019 7 28
2085 5 21
2035 7 13
2082 3 3
2038 10 24
2044 8 3
2086 2 18
2094 3 15
2104 8 17
2098 6 26
2049 7 6
2071 9 19
2031 5 22
2073 4 20
2045 10 13
2022 9 18
2106 8 12
2065 5 28
2094 10 29
2058 2 4
2042 3 31
2061 12 15
2040 10 14
2033 3 11
2099 4 13
2098 11 17
2104 5 31
2044 12 28
2033 5 1
2032 6 23
2080 1 15
2022 1 17
2071 9 18
2022 1 16
2056 6 3
2110 4 2
2112 9 3
2053 12 1
2078 1 14
2117 8 1
2042 1 7
2083 8 18
2105 11 30
2036 2 16
2087 9 2
2100 4 11
2101 7 12
2062 1 28
2110 2 18
2050 6 6
2080 2 9
2060 5 1
2077 5 22
2065 8 5
2063 1 23
2027 7 20
2023 4 10
2052 5 25
2107 9 7
2093 10 20
2033 4 14
2048 8 10
2105 6 1
2050 1 23
2085 8 3
2019 6 13
2080 6 3
2080 11 11
2028 5 3
2025 3 19
2086 8 6
2051 1 23
2074 12 9
2060 9 26
2029 11 10
2024 3 6
2043 6 20
2074 2 8
2026 2 10
2078 10 20
2032 11 23
2031 12 3
2061 8 5
2112 12 18
2052 10 17
2028 3 14
2051 1 12
2097 2 15
2099 4 25
2031 5 19
2052 12 26
2073 11 4
2055 11 4
2097 4 1
2052 9 25
2022 7 14
2033 11 6
2035 1 22
2091 10 16
2070 4 24
2104 8 9
2099 3 27
2024 6 28
2101 10 26
2117 1 15
2057 10 16
2040 7 20
2104 7 18
2079 12 16
2102 1 15
2041 12 20
2046 2 13
2053 11 2
2074 2 10
2101 2 19
2106 5 4
2086 9 15
2087 2 7
2021 7 12
2039 4 17
2065 5 23
2072 3 5
2024 9 24
2028 7 18
2050 7 21
2064 5 7
2078 11 10
2055 3 16
2060 8 22
2114 5 26
2077 9 1
2038 3 30
2021 12 3
2020 7 4
2077 5 7
2111 11 5
2021 2 7
2072 2 13
2084 11 5
2092 6 2
2115 2 5
2102 8 25
2061 2 19
2112 2 22
2048 6 24
2081 8 23
2056 3 26
2067 12 13
2095 5 19
2103 12 2
2105 3 25
2112 7 13
2098 9 24
2114 5 26
2028 7 24
2043 10 18
2098 7 2
2030 6 1
2055 12 12
2031 3 12
2039 2 27
2079 12 19
2048 3 19
2068 8 7
2074 6 26
2060 7 1
2023 10 3
2067 3 1
2081 5 5
2026 6 2
2055 4 15
2111 12 11
2076 8 23
2029 1 11
2041 1 27
2065 8 14
2092 4 19
2044 9 15
2100 11 3
2064 1 11
2070 9 24
2093 2 21
2050 5 15
2080 1 6
2025 11 3
2079 2 16
2082 6 16
2026 6 7
2046 8 29
2034 11 23
2087 6 9
2076 12 28
2073 4 1
2042 4 18
2051 4 24
2098 10 8
2117 2 20
2062 6 30
2047 1 5
2098 9 8
2076 6 12
2108 10 31
2025 5 9
2050 3 18
2080 4 17
2069 3 2
2100 10 4
2086 6 4
2114 7 19
2082 9 5
2032 1 2
2037 2 15
2021 3 27
2098 5 28
2029 6 13
2102 8 19
2075 5 18
2109 3 9
2108 3 10
2109 4 16
2073 11 15
2092 5 9
2074 10 21
2115 9 17
2055 9 12
2072 1 11
2105 7 30
2070 6 6
2033 11 27
2094 9 8
2097 7 20
2090 10 26
2097 3 19
2044 11 20
2035 9 1
2094 10 2
2063 7 14
2092 8 24
2110 2 9
2049 5 3
2065 2 26
2049 2 6
2113 8 9
2031 6 18
2040 4 5
2025 1 24
2046 1 8
2020 3 11
2056 10 3
2101 11 26
2114 6 16
2112 2 4
2052 6 14
2117 1 30
2111 5 14
2070 4 30
2048 9 30
2086 12 24
2107 4 6
2046 9 16
2115 10 10
2085 9 17
2073 7 16
2071 6 8
2068 2 28
2039 7 31
2114 1 10
2033 8 25
2104 9 25
2094 1 6
2088 10 28
2118 1 24
2031 10 29
2082 2 18
2037 6 3
2062 2 4
2115 5 7
2080 12 10
2075 7 18
2105 2 12
2046 9 16
2049 7 28
2026 12 19
2074 2 6
2054 10 27
2063 7 2
2050 10 8
2095 7 19
2089 1 27
2022 12 15
2020 8 18
2028 2 13
2039 3 5
2035 3 9
2092 11 28
2100 1 22
2075 12 22
2050 10 11
2094 4 18
2074 4 3
2064 3 3
2067 10 27
2066 8 15
2081 2 11
2036 7 4
2019 8 15
2067 3 21
2038 3 3
2073 7 19
2101 1 7
2019 7 11
2097 4 3
2102 6 12
2098 10 6
2043 9 13
2064 9 12
2034 8 21
2021 12 16
2113 8 22
2078 12 21
2091 11 11
2093 2 23
2019 8 5
2062 7 5
2117 5 13
2069 11 3
2109 12 24
2072 1 4
2089 4 14
2063 7 2
2030 7 23
2032 2 18
2048 4 24
2067 6 13
2113 2 8
2080 3 21
2077 1 24
2074 10 24
2118 6 2
2039 2 18
2063 6 17
2068 4 7
2084 9 30
2117 4 30
2038 6 28
2023 10 21
2118 10 4
2020 9 26
2082 11 3
2092 10 9
2033 12 10
2096 4 6
2095 4 1
2062 1 3
2060 1 30
2076 5 11
2086 5 5
2116 3 26
2090 5 2
2054 1 28
2073 9 22
2045 12 14
2089 9 16
2110 8 27
2030 8 19
2031 11 9
2045 12 28
2069 2 1
2079 8 7
2067 11 3
2108 12 9
2053 7 9
2071 10 1
2090 10 22
2057 4 19
2109 12 26
2093 2 2
2028 11 6
2107 1 18
2048 12 2
2025 1 5
2059 6 27
2099 7 3
2030 2 9
2107 11 5
2109 7 23
2081 11 3
2057 1 27
2069 12 6
2036 6 17
2105 4 4
2020 7 19
2112 1 15
2106 7 27
2106 12 12
2033 7 10
2042 3 6
2058 12 25
2052 5 16
2117 6 24
2094 2 12
2063 9 20
2042 2 16
2073 1 1
2081 7 12
2078 10 13
2117 3 17
2107 8 27
2109 6 18
2041 5 7
2028 2 17
2047 7 2
2093 7 3
2088 3 8
2071 3 8
2044 3 29
2091 11 23
2054 1 30
2092 2 19
2034 9 10
2048 1 24
2081 1 14
2103 1 3
2062 8 18
2117 6 6
2046 6 21
2070 3 24
2118 8 2
2105 12 5
2076 5 28
2045 10 27
2032 11 25
2037 7 28
2073 2 3
2087 12 27
2110 8 18
2024 9 17
2113 10 15
2062 4 7
2087 9 4
2113 7 1
2056 9 25
2031 6 19
2060 11 21
2063 3 12
2044 6 7
2057 3 20
2034 12 6
2097 5 9
2088 2 10
2069 6 3
2041 6 3
2025 12 13
2056 6 25
2048 11 8
2095 8 28
2049 11 3
2105 6 17
2103 4 17
2065 12 30
2046 6 6
2099 10 18
2097 10 28
2117 2 24
2108 5 14
2020 10 20
2042 1 17
2115 12 18
2071 8 11
2080 9 21
2046 6 11
2074 4 11
2118 7 8
2101 6 27
2045 4 19
2063 6 12
2062 12 12
2082 10 25
2093 5 21
2082 4 24
2074 4 29
2090 7 1
2066 4 3
2094 6 1
2033 3 29
2099 8 31
2040 11 6
2059 10 20
2091 7 29
2073 3 10
2032 7 15
2052 11 10
2092 11 4
2067 12 18
2106 9 22
2089 1 22
2036 2 11
2096 12 5
2093 12 20
2105 9 30
2086 7 6
2075 6 11
2079 1 16
2052 11 27
2087 4 29
2086 8 14
2028 10 18
2085 10 10
2090 2 28
2078 4 25
2052 10 13
2075 5 2
2049 9 27
2031 2 27
2105 11 19
2049 12 4
2053 2 1
2083 10 16
2102 8 27
2104 7 2
2088 8 13
2114 6 17
2031 2 22
2049 11 17
2048 4 24
2115 11 6
2113 9 5
2021 4 19
2106 10 23
2036 4 19
2049 8 2
2023 7 24
2025 10 27
2083 12 20
2033 2 26
2086 5 20
2072 4 16
2084 1 10
2046 6 14
2059 2 20
2057 7 28
2083 12 29
2095 7 16
2113 5 9
2089 1 29
2040 3 3
2115 12 19
2025 2 12
2066 9 22
2076 4 3
2037 3 29
2029 10 23
2082 12 30
2083 7 14
2044 4 16
2089 7 11
2093 9 21
2078 11 13
2114 11 27
2066 5 15
2077 9 7
2089 11 20
2021 10 23
2040 5 31
2075 10 24
2068 11 18
2050 12 4
2043 11 25
2077 10 14
2098 12 1
2046 1 5
2055 3 21
2019 1 12
2110 11 11
2114 6 26
2021 8 23
2079 7 14
2061 2 22
2109 2 2
2047 2 18
2117 12 22
2071 5 7
2023 5 31
2093 1 28
2033 9 15
2047 3 21
2059 7 12
2090 5 27
2034 1 18
2061 3 1
2019 11 24
2116 11 21
2023 9 11
2030 2 6
2039 1 12
2109 10 2
2050 8 26
2036 11 3
2050 4 20
2108 2 5
2019 3 21
2073 9 23
2059 12 4
2054 1 11
2042 10 21
2021 2 18
2019 5 6
2114 4 11
2025 5 16
2021 7 10
2076 10 11
2061 7 20
2052 12 14
2057 2 10
2066 11 19
2083 8 14
2073 7 2
2107 3 25
2056 12 16
2087 9 8
2045 11 28
2105 5 11
2032 5 18
2027 12 13
2101 10 1
2049 11 22
2113 4 29
2091 6 1
2057 12 14
2052 10 26
2078 9 28
2093 5 21
2101 9 11
2067 3 14
2050 8 15
2076 10 13
2085 2 6
2073 8 12
2107 4 16
2084 10 28
2029 11 17
2049 4 12
2086 5 18
2042 1 17
2062 6 15
2077 12 28
2069 10 10
2053 11 20
2117 12 20
2079 7 27
2057 10 15
2023 10 17
2103 8 28
2106 10 1
2071 4 22
2052 12 26
2082 5 15
2112 5 7
2046 6 25
2057 10 1
2055 10 27
2082 4 18
2109 8 11
2081 12 23
2084 7 17
2108 1 24
2118 2 9
2069 12 27
2072 12 23
2101 6 26
2048 12 16
2051 11 13
2114 8 11
2066 7 4
2073 7 18
2030 1 1
2048 3 1
2037 12 17
2086 12 3
2118 2 16
2053 9 16
2072 11 8
2104 9 18
2091 7 12
2022 6 27
2089 2 25
2042 5 3
2030 2 18
2044 4 30
2035 10 2
2034 10 1
2052 12 3
2084 9 17
2020 7 26
2114 11 30
2102 7 6
2023 10 2
2055 6 9
2027 6 26
2105 3 8
2096 12 10
2087 7 17
2114 10 15
2020 11 29
2093 2 5
2063 12 20
2051 7 6
2100 8 30
2114 12 12
2019 2 25
2050 9 30
2098 11 23
2061 4 21
2094 3 5
2042 1 23
2051 7 3
2055 2 23
2025 10 18
2021 5 14
2037 4 15
2052 3 14
2029 4 21
2056 2 13
2075 10 22
2045 4 22
2093 8 7
2019 4 17
2070 2 5
2109 9 15
2085 7 3
2081 6 3
2058 8 26
2024 9 4
2035 3 5
2050 5 11
2063 6 4
2063 9 9
2059 8 10
2019 4 22
2074 3 16
2101 10 7
2114 8 11
2060 4 14
2082 11 10
2058 6 2
2100 9 26
2072 9 19
2044 2 5
2066 11 13
2087 9 7
2020 5 14
2073 2 28
2036 10 11
2049 7 26
2073 12 29
2069 7 4
2021 11 6
2109 7 15
2034 8 10
2062 2 16
2115 7 31
2045 8 17
2069 9 26
2056 9 22
2113 11 7
2077 3 8
2096 8 6
2040 12 16
2102 9 14
2099 6 12
2066 5 26
2097 5 4
2068 6 5
2042 7 19
2073 12 14
2033 8 31
2038 3 16
2117 10 5
2072 9 15
2053 8 30
2049 5 13
2076 3 7
2032 3 12
2110 1 31
2048 12 27
2066 7 1
2082 5 14
2070 11 8
2116 4 18
2105 9 11
2107 8 27
2097 8 22
2028 7 4
2034 11 5
2064 4 1
2020 10 13
2107 9 7
2041 6 24
2061 6 14
2085 11 10
2034 7 27
2095 6 5
2100 5 23
2098 7 28
2056 4 24
2069 12 17
2072 5 31
2086 3 14
2103 7 11
2069 8 21
2104 11 5
2093 6 25
2040 7 22
2091 1 4
2048 9 1
2065 1 19
2040 6 16
2103 1 24
2040 10 2
2066 9 28
2091 12 8
2044 1 26
2087 11 23
2110 9 28
2096 10 20
2077 6 20
2028 1 24
2053 8 30
2104 5 25
2104 10 18
2097 1 22
2060 4 22
2110 11 7
2044 7 26
2041 11 23
2092 12 25
2036 1 14
2114 9 10
2050 1 12
2068 1 2
2024 4 6
2056 6 19
2051 4 28
2050 3 20
2041 4 10
2057 10 22
2062 1 27
2110 1 5
2118 1 6
2118 9 18
2049 7 18
2060 12 23
2058 4 6
2052 7 23
2028 4 18
2057 12 30
2047 1 2
2090 8 5
2040 2 8
2024 11 18
2095 5 31
2030 7 7
2036 11 22
2115 4 27
2034 6 9
2086 10 15
2021 3 8
2101 2 4
2050 5 6
2082 4 17
2090 12 12
2109 6 25
2067 4 4
2037 4 21
2046 10 23
2028 7 11
2055 12 4
2087 9 15
2096 9 24
2110 7 3
2116 1 27
2067 12 14
2115 6 18
2077 9 4
2104 4 10
2092 11 9
2061 11 13
2050 12 6
2082 12 17
2083 2 24
2046 11 26
2075 10 19
2065 4 21
2044 2 17
2057 3 20
2019 3 3
2063 7 15
2118 7 10
2091 12 16
2091 1 7
2035 8 20
2053 6 11
2108 4 15
2077 5 19
2036 6 24
2080 1 2
2116 10 29
2115 4 27
2025 12 8
2039 9 14
2055 8 23
2046 8 20
2088 12 29
2056 2 15
2055 3 6
2106 8 19
2040 1 25
2072 3 24
2060 7 24
2026 7 1
2074 4 30
2117 8 7
2077 1 2
2044 6 10
2112 1 2
2115 6 21
2101 12 18
2118 7 15
2023 6 21
2088 8 2
2073 4 14
2043 11 19
2064 8 7
2070 10 19
2042 8 12
2104 5 13
2094 4 26
2095 4 13
2052 11 3
2042 3 8
2020 12 29
2071 8 27
2078 2 23
2037 11 12
2078 1 7
2070 3 9
2072 6 22
2071 1 18
2104 1 4
2037 1 19
2079 10 12
2024 6 6
2098 7 11
2101 2 21
2093 1 24
2081 11 30
2112 8 23
2040 6 17
2029 12 12
2076 1 17
2090 1 3
2074 4 22
2117 1 15
2110 9 14
2080 3 13
2082 10 17
2048 9 18
2074 3 27
2095 4 7
2070 7 8
2055 1 23
2050 5 29
2033 12 2
2064 6 23
2036 7 25
2094 7 12
2031 8 30
2023 11 25
2092 9 21
2058 8 14
2058 4 30
2106 10 29
2075 7 5
2064 2 1
2020 11 10
2054 11 10
2118 2 21
2085 6 11
2117 4 4
2073 12 19
2101 5 6
2021 9 8
2061 6 22
2055 1 16
2098 1 12
2117 6 19
2034 1 8
2106 11 4
2107 5 4
2042 4 10
2106 9 2
2057 4 20
2041 2 16
2098 1 29
2058 11 6
2021 8 28
2081 9 5
2116 3 19
2057 12 25
2072 2 29
2095 12 11
2064 10 2
2068 10 29
2030 9 1
2083 7 11
2088 10 19
2066 1 12
2022 3 22
2024 7 13
2103 4 12
2081 2 24
2098 3 25
2027 5 24
2082 6 25
2108 12 22
2049 9 15
2105 7 16
2071 4 27
2028 2 13
2083 5 12
2117 12 21
2094 2 19
2060 1 1
2070 12 2
2101 6 2
2042 2 11
2045 9 16
2057 2 27
2084 3 18
2055 7 11
2043 12 13
2035 9 11
2048 6 23
2104 4 6
2055 10 4
2085 12 2
2035 9 5
2034 2 16
2053 5 1
2060 5 11
2090 2 23
2021 1 25
2073 10 9
2039 12 8
2052 7 4
2053 1 14
2040 3 10
2049 1 2
2032 4 23
2100 7 12
2087 5 19
2077 5 5
2044 5 15
2107 3 6
2099 11 7
2048 5 28
2063 3 19
2088 8 18
2074 1 9
2073 6 30
2070 7 14
2037 2 5
2109 8 19
2061 11 30
2072 7 10
2076 6 4
2021 5 19
2086 8 21
2110 12 26
2081 1 14
2067 8 26
2096 5 3
2037 11 26
2088 4 11
2082 1 1
2031 2 12
2043 6 12
2053 8 31
2030 3 20
2097 10 4
2100 6 30
2025 7 27
2043 5 13
2060 1 15
2087 12 27
2070 4 30
2080 11 12
2044 11 1
2027 12 9
2042 7 25
2053 7 23
2043 10 28
2040 6 24
2079 8 16
2090 3 22
2052 6 26
2070 6 11
2022 1 26
2075 5 29
2082 1 11
2098 2 22
2037 9 15
2110 12 12
2020 5 4
2051 12 29
2055 5 21
2049 6 18
2076 8 18
2111 7 5
2085 7 15
2023 2 11
2031 4 5
2111 3 9
2071 2 27
2101 5 16
2045 4 25
2062 6 24
2099 4 6
2045 12 31
2088 5 12
2068 2 9
2027 12 10
2047 7 20
2058 10 21
2075 1 31
2101 8 15
2049 5 11
2115 3 25
2103 5 14
2106 3 14
2110 3 23
2039 5 10
2090 10 18
2090 8 10
2061 3 15
2112 5 21
2084 11 6
2108 5 5
2056 11 3
2076 12 1
2079 11 16
2025 7 19
2048 9 24
2048 2 20
2085 1 7
2081 10 15
2084 2 16
2024 7 25
2111 5 24
2082 7 26
2072 8 30
2074 12 18
2087 9 3
2117 2 10
2070 1 18
2060 5 8
2048 8 24
2082 8 31
2071 1 2
2071 11 7
2021 11 6
2033 1 21
2070 8 10
2070 12 30
2089 5 17
2118 9 28
2088 3 30
2055 7 12
2092 6 26
2099 12 28
2117 10 15
2049 12 12
2027 12 12
2050 11 28
2038 7 21
2062 6 1
2118 2 8
2054 10 28
2045 12 9
2029 4 1
2085 3 26
2020 7 27
2034 12 24
2072 3 30
2083 6 24
2039 7 29
2071 6 14
2021 8 21
2118 10 27
2070 11 11
2112 11 12
2035 11 25
2102 10 18
2051 11 27
2060 2 2
2026 12 24
2113 2 22
2043 4 28
2080 4 18
2082 12 14
2049 12 26
2095 6 16
2117 10 28
2089 10 30
2054 10 11
2096 12 15
2046 4 27
2093 4 17
2070 9 16
2109 6 7
2108 4 6
2034 2 1
2108 9 23
2044 8 25
2069 6 26
2035 2 6
2051 2 6
2098 2 5
2093 9 3
2058 12 2
2083 7 16
2102 3 22
2057 7 29
2057 12 28
2101 1 29
2019 3 5
2085 12 23
2055 7 16
2065 3 2
2026 9 9
2094 3 31
2105 11 20
2032 3 15
2043 8 21
2069 5 26
2060 9 20
2025 6 13
2022 12 20
2104 2 26
2081 11 9
2079 10 31
2075 8 15
2040 3 18
2047 2 27
2054 9 4
2019 3 27
2100 7 7
2099 3 25
2055 11 22
2028 1 12
2108 12 26
2040 8 17
2088 12 30
2085 9 26
2085 7 9
2043 2 20
2032 12 18
2110 1 27
2045 4 21
2070 12 13
2040 1 18
2081 1 10
2043 12 7
2026 11 20
2110 1 13
2095 5 7
2110 2 20
2050 9 11
2109 10 23
2033 8 22
2102 4 16
2056 5 5
2037 8 7
2100 9 19
2074 2 23
2020 8 6
2082 3 8
2094 1 31
2104 5 26
2091 11 23
2027 9 21
2062 4 3
2056 1 9
2045 1 18
2106 11 23
2117 11 16
2095 3 9
2044 10 9
2089 10 1
2023 1 16
2097 6 11
2113 3 28
2105 8 7
2097 12 16
2093 4 4
2020 10 27
2097 4 26
2081 10 14
2070 6 29
2071 6 5
2032 7 2
2107 12 5
2115 8 8
2027 6 21
2025 1 6
2043 11 22
2027 5 15
2077 11 30
2087 7 9
2058 8 29
2043 4 11
2041 11 16
2103 4 23
2049 1 16
2104 11 30
2051 12 3
2107 9 25
2040 1 14
2093 8 12
2097 7 7
2118 6 27
2025 8 16
2056 5 5
2115 11 12
2056 9 6
2113 2 1
2057 1 3
2053 11 28
2036 3 8
2113 8 16
2069 3 1
2102 11 13
2084 3 29
2094 12 23
2035 8 22
2071 1 23
2055 10 18
2027 11 26
2117 5 23
2105 4 22
2092 12 26
2047 11 17
2030 2 23
2068 2 15
2039 5 15
2054 10 11
2048 5 21
2116 11 28
2098 9 22
2118 5 16
2113 9 5
2084 9 28
2051 8 9
2046 11 27
2086 4 9
2080 10 16
2046 12 20
2062 9 9
2068 3 7
2036 8 3
2037 9 10
2073 2 15
2023 7 18
2069 1 19
2023 7 3
2064 11 5
2020 11 15
2036 6 1
2060 6 4
2032 3 29
2099 3 29
2082 6 13
2070 6 28
2064 8 7
2031 1 27
2056 8 27
2030 6 20
2110 8 24
2103 5 23
2089 9 13
2097 8 23
2052 9 17
2026 7 19
2111 9 22
2031 9 19
2109 7 21
2068 12 6
2093 12 17
2078 5 27
2079 1 24
2099 7 12
2071 8 29
2104 9 24
2106 8 20
2030 4 23
2046 10 20
2096 5 7
2042 7 9
2095 5 4
2062 10 26
2068 8 12
2081 11 21
2088 5 11
2022 1 11
2106 5 19
2027 8 11
2110 4 6
2107 12 1
2086 3 13
2078 3 23
2087 11 22
2111 3 14
2113 2 6
2028 12 27
2062 5 11
2116 4 23
2098 3 20
2095 4 10
2027 2 7
2097 2 6
2071 7 20
2056 10 7
2115 4 16
2097 2 2
2041 3 13
2071 5 26
2105 12 17
2092 3 24
2081 8 11
2075 10 31
2085 12 6
2090 7 5
2095 8 23
2051 12 28
2078 9 15
2063 7 19
2099 3 10
2077 9 18
2084 9 16
2019 12 3
2114 6 18
2056 9 27
2102 4 15
2065 6 14
2063 11 9
2052 7 10
2041 10 22
2102 1 8
2079 9 10
2038 6 4
2103 9 25
2097 5 1
2071 10 9
2019 7 16
2057 6 18
2093 3 8
2047 8 14
2019 11 13
2081 9 7
2098 9 4
2024 3 25
2079 4 28
2027 11 21
2116 11 15
2082 5 26
2022 10 17
2066 11 27
2061 3 12
2070 11 22
2075 9 1
2064 4 28
2100 3 7
2097 6 22
2117 8 27
2065 7 8
2084 5 25
2039 6 1
2100 8 8
2023 1 19
2048 1 17
2082 2 20
2020 3 31
2051 10 17
2106 6 9
2066 10 8
2115 9 21
2078 8 19
2088 5 20
2095 12 20
2086 10 16
2063 2 15
2028 6 20
2106 1 25
2113 10 1
2030 8 4
2021 12 7
2034 5 26
2028 12 6
2063 12 23
2037 5 25
2056 1 14
2108 11 26
2021 7 12
2051 5 26
2074 3 6
2112 10 22
2038 5 11
2041 6 11
2044 8 10
2114 5 17
2110 4 19
2110 4 6
2087 5 16
2025 7 24
2072 7 30
2022 10 19
2054 11 6
2066 3 28
2043 1 28
2100 8 21
2076 6 19
2074 7 27
2070 5 30
2104 3 4
2113 12 6
2063 6 9
2056 8 5
2101 6 2
2118 1 14
2049 6 28
2030 9 22
2065 6 25
2020 3 16
2099 10 23
2038 1 5
2073 7 16
2085 10 10
2024 12 15
2106 9 6
2100 9 19
2092 3 15
2085 5 3
2098 11 23
2034 8 12
2029 8 8
2085 1 1
2044 12 15
2044 9 6
2074 7 11
2029 4 28
2073 9 11
2042 7 27
2064 12 10
2068 9 24
2106 6 14
2028 6 16
2096 6 2
2065 5 15
2083 5 16
2088 9 21
2091 10 19
2025 8 3
2074 11 29
2097 6 11
2064 4 28
2092 9 21
2078 1 2
2029 7 17
2070 1 18
2035 7 11
2030 11 26
2020 9 4
2031 10 18
2092 6 1
2084 2 23
2047 2 6
2105 6 27
2093 4 14
2088 9 4
2056 5 1
2090 10 27
2097 9 9
2107 10 26
2042 8 25
2099 3 10
2096 9 12
2033 11 1
2112 10 19
2034 7 23
2053 4 2
2044 9 11
2116 1 29
2085 7 15
2021 5 2
2072 3 10
2091 12 1
2058 7 28
2075 1 8
2034 11 19
2037 6 7
2086 8 12
2098 11 18
2116 10 16
2089 5 27
2040 5 30
2062 10 31
2046 11 10
2067 8 12
2086 9 15
2084 6 5
2103 11 30
2090 10 31
2091 4 9
2041 1 6
2031 8 9
2112 2 15
2057 7 16
2095 1 9
2030 12 7
2096 10 11
2092 2 13
2026 3 10
2043 4 9
2024 11 5
2063 4 23
2104 3 27
2041 7 3
2081 3 3
2038 10 13
2113 4 20
2116 11 24
2044 12 15
2100 10 18
2051 5 31
2075 11 12
2085 3 4
2056 2 13
2073 1 23
2115 3 6
2019 11 1
2046 3 17
2060 1 2
2023 1 7
2103 1 20
2080 7 7
2077 6 2
2095 2 26
2052 1 31
2070 11 21
2054 5 12
2087 5 26
2034 12 18
2050 4 11
2080 4 16
2021 7 25
2074 7 14
2114 10 6
2104 2 16
2026 12 25
2085 12 9
2115 6 23
2083 8 4
2076 5 15
2047 2 1
2051 3 12
2029 10 2
2113 6 5
2062 7 14
2083 6 3
2104 2 21
2021 9 4
2067 12 22
2046 1 5
2049 3 26
2031 10 13
2084 5 9
2044 1 30
2083 7 25
2115 3 3
2096 6 15
2092 9 15
2081 12 4
2101 10 10
2063 3 5
2074 7 3
2036 5 23
2027 6 21
2079 12 22
2106 1 5
2061 11 30
2039 4 12
2040 6 18
2055 4 3
2022 1 28
2055 7 6
2068 5 3
2045 2 6
2098 2 11
2069 10 24
2024 9 10
2069 11 13
2078 8 9
2061 8 29
2074 8 17
2053 7 6
2029 10 30
2030 5 2
2024 6 24
2107 11 8
2099 7 20
2079 1 3
2074 7 11
2068 6 26
2105 4 16
2048 1 7
2038 4 9
2089 8 8
2068 7 26
2029 3 27
2051 1 11
2070 4 8
2088 4 30
2118 5 21
2077 9 29
2094 9 14
2042 6 19
2100 9 12
2114 9 8
2116 12 11
2028 2 17
2061 2 17
2034 1 1
2072 2 17
2051 3 11
2073 8 3
2057 9 17
2059 7 22
2102 3 27
2034 6 30
2090 3 1
2058 8 22
2049 1 8
2098 8 6
2110 3 5
2063 2 9
2096 10 31
2079 4 23
2040 10 28
2072 9 9
2065 12 14
2035 7 8
2081 9 22
2057 9 27
2072 9 9
2027 10 18
2100 2 14
2080 8 16
2079 4 23
2084 4 23
2042 8 10
2109 5 5
2044 1 4
2071 12 9
2111 1 14
2108 10 1
2029 5 26
2082 11 11
2071 10 11
2059 1 20
2084 8 1
2078 8 11
2031 8 19
2033 6 3
2079 7 14
2048 9 1
2024 7 10
2077 11 22
2098 3 15
2037 10 10
2065 3 20
2054 12 1
2049 3 19
2052 6 14
2027 4 23
2039 9 15
2071 9 8
2110 10 15
2111 11 14
2092 1 17
2094 8 26
2038 12 21
2087 11 12
2054 8 20
2082 3 14
2117 7 3
2052 11 1
2029 9 10
2054 9 15
2094 11 20
2080 8 22
2085 8 2
2071 5 17
2083 5 17
2029 3 25
2033 2 14
2049 4 28
2058 9 12
2088 2 20
2044 10 25
2074 2 21
2116 3 4
2081 6 8
2021 9 17
2116 9 29
2049 9 17
2118 11 6
2045 2 3
2039 3 11
2038 10 15
2073 10 1
2020 2 22
2046 1 19
2072 1 19
2047 5 24
2065 11 1
2055 11 5
2019 10 4
2054 12 31
2040 5 20
2058 10 6
2089 4 22
2064 12 28
2106 5 2
2038 2 27
2045 8 21
2060 11 1
2052 10 27
2023 5 31
2068 3 19
2113 5 12
2061 8 8
2047 9 26
2110 3 12
2112 12 19
2086 11 3
2102 8 16
2051 4 30
2025 10 19
2090 1 30
2035 11 2
2101 8 13
2088 12 23
2118 5 5
2071 11 16
2094 7 3
2020 5 3
2086 10 22
2089 3 6
2040 12 12
2072 12 10
2110 10 14
2069 1 16
2038 2 2
2019 2 22
2095 4 17
2050 3 19
2035 1 12
2032 3 16
2065 2 19
2030 10 17
2082 2 25
2025 4 11
2085 11 30
2080 1 1
2042 8 9
2060 3 7
2067 1 3
2083 1 8
2076 8 9
2037 8 1
2076 10 24
2029 3 7
2074 11 15
2019 1 10
2099 4 24
2036 11 2
2018 12 27
2099 3 29
2109 1 4
2113 4 1
2075 3 6
2053 11 30
2111 7 9
2104 3 3
2064 10 4
2052 2 8
2051 5 22
2022 4 22
2116 7 26
2062 10 19
2116 10 15
2019 1 19
2080 10 2
2034 9 29
2096 3 23
2053 8 5
2026 2 25
2095 6 29
2066 5 22
2064 11 8
2047 10 24
2038 9 7
2042 3 8
2089 12 19
2020 4 12
2069 11 25
2069 12 19
2118 10 11
2108 10 22
2069 4 19
2117 3 21
2028 7 26
2025 2 28
2074 3 17
2079 1 4
2046 4 11
2114 5 25
2070 2 3
2089 11 25
2035 5 29
2020 7 21
2089 4 23
2114 8 10
2037 5 14
2087 12 19
2025 5 4
2105 12 31
2096 7 7
2040 2 16
2063 9 25
2062 4 9
2029 1 10
2078 3 27
2062 6 8
2032 2 11
2052 4 17
2084 10 17
2088 8 29
2104 3 6
2067 6 29
2064 11 13
2115 7 22
2053 10 5
2081 5 19
2090 4 20
2071 9 26
2095 9 21
2047 8 2
2037 3 10
2107 12 14
2100 12 7
2111 7 6
2041 8 18
2067 6 25
2081 4 9
2114 12 15
2064 10 8
2076 1 12
2068 8 12
2078 10 2
2062 11 4
2100 10 3
2057 10 4
2114 7 21
2056 4 24
2070 10 25
2035 9 4
2075 3 5
2023 2 6
2071 9 30
2111 1 10
2055 12 16
2106 3 18
2052 3 10
2093 8 10
2037 11 5
2100 5 5
2064 7 7
2032 9 10
2046 3 16
2028 1 14
2111 1 8
2115 1 27
2075 6 5
2063 5 6
2038 1 7
2087 11 27
2098 12 19
2064 2 26
2042 11 6
2020 6 12
2061 3 31
2077 10 25
2083 10 11
2092 12 2
2100 6 21
2098 6 16
2020 11 21
2035 5 23
2046 10 1
2042 5 11
2077 3 27
2043 1 6
2027 8 11
2098 11 22
2070 2 12
2097 1 13
2100 10 20
2073 8 19
2070 8 22
2036 12 18
2103 4 26
2115 5 20
2067 7 28
2043 2 3
2093 3 31
2032 1 10
2035 10 3
2019 10 2
2105 9 10
2057 4 28
2103 12 28
2094 6 29
2106 3 2
2022 2 25
2105 1 19
2117 3 27
2077 2 26
2067 8 19
2083 2 14
2087 8 3
2048 5 3
2095 10 9
2078 9 12
2060 10 22
2064 7 4
2066 8 11
2029 5 31
2088 10 12
2066 11 18
2111 4 22
2074 6 17
2062 10 30
2110 8 20
2028 4 24
2074 1 24
2075 3 21
2096 1 17
2030 2 14
2069 2 10
2031 9 14
2095 7 26
2026 12 22
2101 10 15
2060 3 10
2040 11 10
2077 5 17
2068 7 29
2109 10 13
2096 11 11
2085 7 28
2018 12 4
2079 3 6
2059 8 29
2107 4 21
2118 1 23
2090 9 14
2065 12 18
2067 2 10
2047 12 14
2025 9 5
2037 3 29
2077 3 14
2041 1 21
2062 9 6
2072 11 29
2069 5 13
2075 10 27
2062 10 26
2021 3 19
2082 4 30
2091 8 26
2049 11 16
2069 11 4
2057 8 23
2073 11 5
2100 4 8
2076 2 9
2031 3 30
2092 4 5
2062 7 24
2064 8 8
2099 8 12
2042 3 26
2034 2 24
2081 2 9
2089 8 10
2110 5 29
2090 6 9
2029 12 23
2031 11 23
2089 7 24
2094 12 22
2020 7 25
2104 10 6
2028 2 18
2046 8 30
2090 5 31
2074 9 26
2052 1 18
2090 7 5
2037 5 25
2070 4 9
2107 11 5
2063 5 14
2086 3 9
2081 1 28
2116 1 19
2116 7 18
2057 7 9
2025 3 5
2042 7 14
2067 12 1
2040 6 4
2053 10 17
2103 6 24
2097 7 21
2072 6 15
2070 4 20
2095 7 11
2079 3 13
2033 10 12
2037 7 10
2065 2 9
2030 12 1
2026 8 5
2042 7 27
2075 4 6
2034 12 6
2080 9 18
2101 10 15
2059 12 30
2091 11 7
2024 9 22
2104 1 5
2100 9 30
2084 3 2
2063 9 27
2116 12 23
2107 12 4
2029 4 29
2085 11 24
2064 11 18
2021 2 22
2087 1 13
2037 1 17
2087 6 6
2116 12 24
2101 10 11
2063 10 10
2077 2 23
2049 1 25
2052 6 2
2026 1 26
2032 10 20
2065 5 29
2072 1 9
2115 11 19
2054 12 21
2058 5 9
2059 10 13
2117 9 30
2044 10 31
2078 6 17
2097 12 4
2085 4 18
2044 6 25
2027 10 17
2076 9 25
2110 5 1
2047 6 17
2114 12 24
2095 10 6
2100 4 30
2057 7 1
2084 9 8
2100 3 17
2112 3 3
2095 4 23
2115 4 2
2089 10 22
2102 10 6
2073 11 3
2078 2 1
2071 1 31
2038 11 23
2044 2 18
2111 10 5
2053 5 9
2037 12 23
2019 9 5
2085 3 15
2069 3 7
2052 12 2
2058 3 26
2091 2 3
2033 10 30
2057 4 27
2105 3 23
2108 7 31
2026 12 29
2100 1 9
2040 2 12
2076 7 23
2083 7 3
2099 12 4
2092 9 23
2113 5 10
2072 1 29
2056 2 8
2101 3 14
2042 7 6
2099 9 17
2053 10 13
2022 2 20
2113 10 23
2082 1 11
2042 10 1
2054 11 17
2083 6 13
2055 1 3
2092 8 23
2070 5 20
2036 1 30
2116 5 7
2032 12 29
2056 10 14
2023 11 24
2024 1 9
2096 1 9
2101 4 23
2103 4 1
2060 10 5
2034 3 13
2040 9 12
2080 9 4
2072 4 3
2040 11 24
2056 8 28
2073 4 4
2082 11 16
2037 3 31
2112 5 7
2024 4 6
2036 2 6
2081 4 21
2090 9 24
2039 5 15
2086 1 16
2053 3 12
2097 9 13
2088 2 1
2077 3 9
2115 1 25
2094 2 10
2060 2 17
2044 12 21
2099 4 30
2091 10 22
2063 11 26
2076 6 27
2080 9 1
2099 1 5
2045 3 6
2034 11 12
2024 6 3
2117 5 16
2069 4 25
2118 1 11
2064 10 7
2109 6 20
2083 7 31
2020 1 20
2085 12 31
2023 6 22
2096 5 3
2079 7 6
2052 4 15
2064 3 19
2033 11 10
2082 12 26
2063 4 3
2078 2 28
2059 3 17
2033 8 29
2095 12 29
2057 10 19
2056 8 11
2092 3 29
2090 5 5
2051 2 6
2076 2 4
2025 8 24
2108 1 30
2029 9 2
2099 2 20
2052 4 23
2064 2 21
2101 5 8
2106 6 21
2058 12 8
2118 7 5
2043 1 8
2114 3 27
2044 6 2
2041 8 27
2091 5 19
2053 8 24
2076 12 22
2031 12 2
2112 8 6
2053 5 3
2026 7 11
2085 2 18
2104 1 19
2054 9 23
2027 10 21
2058 9 14
2085 7 26
2059 11 17
2070 8 24
2079 3 23
2038 10 16
2115 1 28
2069 2 22
2020 9 25
2068 10 30
2112 1 29
2037 7 17
2029 1 25
2054 5 23
2061 9 14
2108 9 27
2042 3 14
2026 6 21
2113 8 18
2049 10 25
2026 10 15
2019 4 7
2022 1 30
2083 12 5
2055 12 17
2068 3 14
2098 12 24
2054 12 16
2093 6 7
2083 1 20
2089 1 8
2056 5 21
2064 7 16
2061 12 27
2086 3 7
2031 4 6
2068 10 13
2083 3 20
2079 4 26
2031 7 11
2055 10 30
2073 6 10
2083 2 2
2022 2 14
2075 7 26
2094 2 2
2068 2 8
2047 5 28
2118 7 10
2050 9 18
2047 1 20
2104 5 30
2076 12 1
2073 2 7
2059 12 31
2085 1 25
2019 2 3
2066 2 5
2106 2 24
2021 7 13
2076 1 13
2089 1 26
2112 5 7
2080 12 5
2032 12 7
2058 4 23
2078 12 8
2102 9 14
2087 9 15
2111 7 26
2063 3 13
2048 3 8
2100 12 18
2052 9 10
2104 12 15
2088 6 8
2100 10 7
2080 8 24
2087 6 19
2030 10 15
2086 12 7
2024 2 20
2058 2 20
2093 12 14
2024 9 16
2063 8 3
2118 10 18
2032 3 18
2035 1 13
2050 10 15
2019 2 19
2118 1 5
2049 1 25
2106 11 16
2049 11 26
2074 4 18
2073 12 29
2068 9 6
2034 11 10
2085 2 9
2113 5 16
2067 4 30
2020 7 14
2091 10 28
2023 7 10
2110 12 12
2079 12 14
2034 11 5
2109 5 12
2034 1 1
2111 4 11
2039 1 26
2097 11 8
2036 11 22
2105 11 21
2076 9 17
2093 11 29
2022 9 22
2044 11 17
2092 10 12
2043 9 8
2046 11 23
2079 5 31
2064 5 30
2052 6 23
2090 8 29
2052 6 8
2085 4 22
2092 4 19
2067 4 22
2035 4 27
2116 1 10
2020 4 17
2109 3 20
2105 9 15
2079 4 30
2097 3 27
2117 1 18
2034 6 8
2098 11 19
2021 4 14
2045 9 27
2114 5 21
2037 9 5
2114 5 12
2106 5 21
2066 7 24
2050 9 21
2079 6 29
2069 10 1
2115 9 18
2049 3 26
2081 1 27
2040 10 9
2041 7 11
2027 10 26
2103 3 26
2106 1 11
2047 1 12
2077 1 29
2114 5 24
2054 7 22
2063 10 25
2092 8 3
2101 1 29
2079 5 9
2035 1 13
2075 4 21
2113 3 20
2107 8 9
2031 12 23
2021 11 9
2062 2 23
2031 10 9
2052 10 7
2078 10 13
2028 7 29
2045 12 7
2093 7 17
2056 4 26
2026 1 16
2091 9 25
2047 5 6
2057 9 7
2108 12 18
2039 6 25
2027 4 6
2116 1 30
2022 8 8
2101 9 10
2030 8 29
2043 3 21
2036 5 27
2098 1 30
2037 8 18
2036 5 27
2095 1 4
2070 2 7
2117 3 27
2063 1 17
2020 12 20
2074 7 16
2065 4 15
2105 5 24
2096 4 9
2116 12 3
2093 2 22
2044 7 28
2022 6 11
2071 12 30
2067 8 1
2070 3 26
2056 5 15
2085 7 2
2039 5 9
2104 10 1
2040 4 3
2088 12 21
2037 2 15
2046 4 30
2043 5 24
2117 3 8
2107 11 26
2071 5 18
2066 7 21
2079 5 29
2043 4 12
2116 11 16
2041 7 14
2041 7 25
2103 6 28
2111 7 19
2100 8 17
2036 2 18
2082 8 7
2071 9 25
2054 12 21
2118 7 19
2030 5 15
2071 10 6
2110 12 25
2084 11 17
2117 2 14
2029 2 26
2086 5 19
2059 7 31
2076 1 11
2102 8 10
2023 7 31
2094 11 30
2082 6 17
2051 2 1
2075 1 30
2095 7 28
2100 10 29
2080 3 27
2089 11 15
2091 11 3
2053 6 12
2074 11 1
2117 4 2
2066 10 8
2024 1 31
2024 10 29
2054 5 17
2039 12 18
2081 12 29
2067 10 18
2047 3 10
2029 7 29
2110 6 16
2105 7 31
2039 10 12
2090 11 10
2113 6 27
2094 5 26
2114 2 7
2062 12 2
2109 6 18
2037 11 30
2116 12 6
2028 11 5
2054 7 25
2084 4 16
2105 12 16
2117 11 27
2100 6 9
2109 11 4
2049 6 25
2098 2 17
2034 9 4
2023 1 17
2051 10 7
2067 1 27
2042 11 29
2028 6 13
2054 6 20
2118 7 13
2032 1 1
2052 1 14
2023 6 19
2038 9 8
2040 7 2
2087 8 10
2082 1 23
2106 3 7
2075 12 25
2101 8 9
2079 7 23
2081 8 28
2113 3 3
2070 3 30
2020 8 6
2047 5 18
2050 11 11
2042 12 24
2058 2 11
2049 6 9
2076 12 10
2079 5 8
2075 7 22
2056 9 1
2078 6 23
2105 10 18
2045 4 18
2092 3 4
2096 1 31
2100 1 10
2021 11 29
2105 10 28
2021 3 23
2073 5 4
2037 12 4
2034 8 22
2071 7 17
2050 8 26
2038 10 22
2042 4 15
2105 5 5
2053 5 15
2101 8 14
2079 8 1
2108 5 2
2109 3 28
2032 3 12
2066 8 6
2063 11 26
2077 10 13
2052 10 29
2097 8 30
2034 6 1
2104 3 24
2106 1 13
2034 1 21
2071 5 15
2037 6 23
2111 7 1
2064 2 24
2110 4 23
2093 10 8
2035 6 4
2079 2 7
2049 7 28
2044 4 4
2091 11 30
2083 1 19
2089 1 14
2036 12 5
2059 7 18
2038 11 25
2039 6 11
2104 7 1
2116 6 3
2093 2 13
2087 10 22
2042 5 29
2038 3 24
2086 5 25
2113 7 23
2032 5 7
2088 2 26
2096 6 16
2118 10 27
2024 3 8
2083 6 1
2049 2 25
2062 4 13
2031 4 25
2027 12 3
2019 11 28
2089 11 27
2062 1 8
2025 2 8
2034 3 27
2081 6 29
2072 1 6
2089 11 22
2023 5 22
2054 6 18
2082 12 11
2114 10 31
2025 5 24
2021 8 5
2088 10 8
2092 1 10
2064 7 14
2112 12 10
2060 7 31
2021 11 14
2105 5 9
2019 7 30
2086 9 10
2080 7 16
2050 10 11
2095 11 6
2065 3 8
2037 10 18
2111 10 21
2050 10 28
2025 12 24
2048 3 31
2026 8 30
2070 6 26
2090 7 15
2112 2 10
2116 2 6
2077 11 5
2059 9 28
2022 4 18
2031 2 20
2071 5 4
2082 7 8
2088 3 25
2107 12 2
2064 2 25
2097 9 7
2068 8 12
2107 3 10
2109 7 20
2095 5 26
2077 6 17
2094 6 8
2097 3 2
2055 6 18
2105 11 28
2040 11 14
2094 11 24
2028 7 18
2103 7 4
2061 11 23
2086 3 11
2061 7 4
2032 6 10
2063 5 24
2030 6 11
2102 10 14
2095 10 13
2115 8 5
2059 8 1
2109 8 27
2071 2 26
2027 1 30
2094 1 15
2099 2 21
2085 9 21
2046 9 2
2069 8 14
2109 1 27
2080 3 26
2106 5 27
2102 9 2
2029 10 14
2062 3 26
2038 3 17
2096 12 25
2069 6 16
2031 8 21
2097 12 24
2082 9 21
2057 11 25
2022 2 21
2086 3 1
2070 1 29
2032 12 3
2109 3 31
2090 1 31
2032 6 8
2040 5 5
2054 2 9
2070 6 10
2046 8 9
2057 2 20
2042 2 17
2057 8 17
2081 6 17
2118 10 25
2051 3 12
2062 6 20
2099 7 10
2040 12 2
2076 8 23
2098 2 8
2107 10 23
2024 11 28
2057 5 13
2049 8 4
2069 4 18
2023 7 2
2056 1 4
2082 4 2
2090 1 19
2045 8 17
2083 4 3
2103 6 21
2086 4 23
2096 11 4
2035 3 20
2027 8 22
2108 4 17
2025 9 3
2103 2 4
2060 4 15
2041 4 22
2084 6 18
2085 3 4
2081 11 4
2118 4 17
2108 1 3
2084 5 29
2026 7 31
2115 1 1
2054 9 27
2112 8 7
2096 12 19
2030 3 22
2111 9 24
2116 1 30
2020 4 26
2069 10 2
2078 3 4
2024 5 19
2037 3 10
2047 7 20
2021 3 30
2052 12 6
2048 1 25
2118 3 13
2077 6 30
2090 10 31
2061 9 27
2106 6 28
2117 7 25
2106 11 16
2064 8 8
2058 4 28
2019 3 22
2022 10 26
2110 8 3
2089 2 12
2034 7 30
2065 8 16
2029 10 30
2022 7 1
2039 5 8
2115 5 3
2088 9 30
2115 12 4
2065 5 17
2097 8 30
2073 9 24
2025 11 26
2075 11 19
2078 11 20
2064 7 7
2068 4 7
2075 4 26
2072 7 6
2113 12 22
2070 5 14
2117 10 27
2019 12 25
2065 6 16
2054 2 12
2093 1 9
2105 5 28
2067 6 30
2062 8 30
2055 6 12
2042 11 3
2092 4 3
2074 12 17
2086 11 26
2052 2 21
2089 1 8
2086 1 7
2022 4 1
2048 6 12
2090 7 2
2019 12 7
2048 8 30
2077 8 27
2065 3 31
2086 8 27
2062 11 6
2034 2 1
2057 4 27
2081 7 15
2087 4 26
2095 9 2
2106 2 23
2084 5 13
2105 12 6
2116 8 30
2081 11 3
2083 1 22
2115 7 26
2041 5 18
2057 11 24
2022 9 14
2027 5 14
2034 7 9
2069 7 6
2079 8 14
2025 10 30
2036 11 24
2021 6 4
2047 8 11
2111 5 21
2094 12 20
2045 6 30
2046 3 8
2048 12 8
2051 3 14
2096 3 9
2107 9 20
2078 4 15
2029 5 20
2035 11 27
2063 5 28
2047 8 21
2021 7 15
2030 12 11
2056 2 3
2041 8 29
2048 3 20
2041 5 1
2038 10 17
2078 4 8
2044 4 10
2063 8 10
2025 2 19
2056 1 19
2069 11 22
2073 10 14
2096 9 20
2044 4 10
2094 5 8
2099 8 27
2050 3 31
2099 8 19
2082 12 29
2084 12 1
2052 8 19
2052 1 22
2045 6 30
2107 11 28
2080 1 1
2115 10 2
2024 8 7
2070 10 3
2047 11 4
2101 3 8
2043 8 30
2061 7 17
2076 5 22
2064 9 21
2066 4 16
2071 2 21
2041 10 29
2074 5 4
2057 5 17
2041 3 31
2072 8 9
2030 1 30
2072 3 7
2114 11 12
2076 8 31
2066 7 6
2080 10 21
2076 9 25
2069 10 20
2089 10 8
2033 12 2
2033 12 7
2023 5 11
2062 11 9
2118 2 3
2112 6 5
2111 3 1
2095 6 4
2092 12 11
2061 12 21
2056 12 12
2070 8 23
2023 10 15
2035 2 4
2117 5 3
2052 5 10
2020 6 10
2028 6 18
2046 3 23
2076 3 16
2093 9 5
2056 1 15
2072 5 20
2050 8 5
2029 12 6
2111 2 1
2025 11 24
2071 10 10
2046 10 11
2029 10 30
2113 8 23
2032 8 4
2103 5 10
2087 5 5
2106 3 13
2045 2 14
2031 3 27
2079 3 18
2107 8 31
2042 7 7
2046 10 14
2050 6 1
2098 11 27
2075 11 9
2026 5 8
2048 5 14
2090 4 5
2086 1 2
2055 4 26
2046 2 8
2049 4 26
2073 12 21
2105 7 16
2035 7 5
2075 5 19
2092 8 13
2041 8 3
2069 5 9
2049 4 13
2071 1 9
2116 4 30
2070 5 12
2028 1 17
2110 4 21
2051 2 19
2089 12 14
2113 10 15
2109 5 7
2071 11 25
2044 1 16
2047 10 8
2063 3 14
2026 12 13
2044 3 12
2070 6 3
2020 11 17
2085 11 11
2108 11 29
2092 11 8
2100 11 1
2047 2 10
2108 11 6
2048 4 5
2096 12 24
2094 9 8
2091 1 1
2113 11 27
2074 9 5
2049 2 6
2048 7 2
2075 9 28
2092 6 7
2064 10 13
2069 9 7
2100 12 29
