500
4
7 37
35 59
55 67
2 30
8
41 73
61 70
17 18
12 17
17 24
61 98
5 84
8 9
8
11 31
6 49
6 35
10 11
13 56
6 35
16 27
25 36
10
9 51
27 87
14 23
0 1
1 2
21 74
26 35
35 67
21 45
19 32
10
18 32
74 92
66 72
12 27
51 69
30 63
30 63
6 78
23 31
10 40
3
25 55
14 33
25 55
2
35 39
6 41
10
45 76
1 4
45 95
15 65
5 50
10 45
64 83
5 100
1 24
53 97
6
31 82
16 97
5 36
20 51
18 29
59 66
8
0 3
6 69
5 79
30 57
11 95
35 47
11 76
11 80
9
49 63
49 58
36 55
64 69
43 94
24 79
1 59
73 82
1 5
2
13 33
1 39
6
29 50
35 46
42 47
81 92
41 86
42 47
10
20 26
6 60
6 36
7 11
76 94
7 13
60 63
51 99
76 94
4 14
7
32 44
16 86
46 69
7 39
10 90
28 93
5 53
10
21 25
17 91
0 67
14 29
3 7
11 79
2 96
56 93
6 82
38 42
5
0 2
8 69
10 52
10 16
24 77
5
29 34
6 55
7 16
53 86
31 90
10
42 43
3 7
13 18
7 12
43 64
31 42
73 93
67 72
55 83
25 82
9
32 59
32 66
5 35
39 73
39 73
34 37
0 1
5 95
14 24
7
8 36
8 12
14 57
16 20
0 16
41 51
6 58
4
5 23
68 95
35 44
33 98
3
56 59
7 14
10 37
7
4 10
10 47
4 60
25 69
16 24
10 47
0 43
7
32 64
48 94
30 86
8 23
91 93
58 66
36 44
4
22 56
19 51
70 85
46 48
3
46 99
28 72
46 77
8
28 47
2 19
32 40
42 50
16 22
27 31
11 51
16 71
5
49 98
25 64
1 12
13 44
7 89
8
61 65
5 22
21 25
11 15
1 28
9 32
9 32
36 61
8
6 18
20 26
17 37
16 61
21 33
76 88
4 64
32 44
2
1 49
64 99
10
15 43
15 69
8 41
9 45
27 42
15 86
1 4
9 50
9 16
34 55
1
14 15
1
4 96
8
13 21
29 86
44 61
30 37
44 53
13 70
21 32
28 39
2
8 72
8 32
3
41 64
43 79
5 33
9
6 54
12 32
6 19
8 20
25 79
19 53
0 34
60 81
20 26
4
0 8
8 16
1 87
8 32
1
0 55
4
22 99
4 57
38 82
0 7
4
40 95
20 70
55 71
7 37
9
12 13
56 95
12 26
36 80
20 44
15 17
0 7
0 1
66 86
10
4 11
1 7
4 20
19 45
14 71
16 19
28 64
1 27
4 15
8 68
7
17 82
27 74
24 61
27 37
8 9
5 96
5 24
1
6 60
7
12 33
16 56
28 62
16 94
30 38
0 1
23 77
2
57 61
3 41
6
8 82
52 86
19 21
21 25
24 29
46 75
5
12 57
0 15
57 72
55 70
0 1
10
3 6
53 94
0 7
5 22
28 35
28 59
73 80
53 94
33 72
12 17
10
19 51
6 44
45 47
6 56
14 64
46 72
31 43
55 83
28 66
33 89
9
20 42
83 89
4 26
2 3
13 49
44 58
0 16
6 7
24 74
7
75 86
7 90
6 17
40 51
43 87
18 19
26 41
5
30 80
5 45
16 19
40 46
54 76
4
47 79
53 56
10 57
0 23
2
0 4
0 6
7
40 83
31 34
31 85
36 65
19 94
15 42
1 10
5
9 56
22 25
2 35
1 64
1 13
8
5 23
15 26
69 77
21 32
35 61
1 2
3 6
16 67
9
41 75
3 32
23 36
11 23
41 50
41 50
3 32
6 35
11 46
9
48 56
67 93
8 16
34 51
24 40
44 58
40 66
59 79
1 53
1
38 44
7
11 33
26 43
8 9
11 55
12 34
12 68
26 54
5
39 91
15 20
11 28
39 91
15 60
5
9 84
9 20
53 58
6 97
57 92
8
43 92
37 90
57 77
7 20
55 67
58 93
58 93
27 62
6
22 29
3 4
1 10
9 21
17 26
47 86
7
17 75
38 96
2 9
0 1
44 47
56 63
84 91
10
0 1
29 33
32 69
20 21
9 23
26 45
14 24
6 91
52 74
32 39
6
49 94
25 40
4 19
23 38
0 15
9 48
5
49 57
4 7
1 30
28 39
28 39
5
29 37
11 16
29 74
3 9
3 18
6
54 77
11 93
56 87
83 86
1 2
15 46
7
91 97
0 29
66 82
7 39
8 64
40 96
22 42
4
13 32
27 39
87 89
53 65
1
33 69
7
2 42
1 11
23 33
20 78
16 28
46 65
11 15
1
21 40
6
24 81
53 64
9 78
13 44
15 19
0 1
8
4 10
24 40
1 11
69 75
36 39
81 97
69 95
49 65
8
2 6
56 85
14 77
36 88
36 64
14 22
7 61
8 18
3
25 32
28 33
37 69
2
56 95
56 95
3
18 50
7 21
16 69
8
45 94
3 86
13 70
19 27
13 80
55 63
13 60
82 99
5
68 100
17 21
5 87
56 92
20 32
6
24 72
0 96
6 9
66 87
6 27
33 99
4
13 50
13 25
17 28
17 44
5
41 49
5 6
2 81
2 81
58 67
4
67 69
39 40
7 9
1 3
8
41 83
4 94
22 30
4 17
55 93
29 79
4 26
10 33
5
15 51
41 95
15 51
60 66
60 66
10
2 9
47 89
11 24
17 57
30 41
65 69
19 92
1 2
11 48
26 29
1
4 36
8
17 79
23 75
3 32
3 7
5 13
7 11
57 89
35 64
5
47 68
47 60
2 77
79 91
37 49
10
0 78
36 76
21 23
60 94
16 86
75 85
60 94
30 75
24 36
6 18
4
8 30
48 70
16 22
2 3
2
21 80
71 85
4
7 25
22 45
62 70
6 14
10
2 7
8 27
56 78
4 26
3 11
2 84
36 47
2 56
32 58
17 39
1
29 33
4
14 24
26 54
26 54
29 73
1
33 45
7
76 95
66 93
88 94
0 76
26 65
26 53
0 4
10
0 15
55 65
31 49
52 73
35 83
45 60
45 75
3 78
66 67
24 81
8
29 30
20 39
77 96
17 54
0 23
11 37
30 31
46 91
4
32 67
78 93
3 27
0 3
7
33 42
45 54
9 18
33 42
5 34
5 20
5 68
5
66 87
56 95
15 24
74 89
21 26
8
4 7
1 4
33 40
41 81
35 66
27 58
2 51
28 31
7
24 28
4 76
0 2
12 36
38 50
3 15
15 41
10
7 34
3 100
10 11
71 98
22 49
15 21
7 8
8 35
3 59
71 98
1
46 67
2
1 35
6 30
5
20 60
8 27
5 15
47 79
8 39
7
4 8
12 24
12 36
58 89
45 47
58 89
21 33
3
18 21
9 23
56 73
7
1 13
10 94
20 57
2 5
29 89
50 84
54 79
2
42 55
12 64
3
9 29
11 23
57 66
2
10 11
14 24
1
35 45
1
2 50
5
24 44
13 15
20 43
1 3
7 9
7
45 70
49 71
61 86
73 77
1 6
3 14
0 5
10
11 17
13 40
9 12
3 5
3 30
73 98
21 24
1 4
33 36
45 56
1
8 9
10
1 5
16 61
16 30
20 28
4 39
0 92
36 80
6 70
48 73
6 25
5
4 27
57 77
1 2
29 35
7 34
7
63 85
18 30
0 2
12 34
88 100
78 90
64 92
7
2 9
17 40
27 70
1 2
42 85
29 54
4 97
2
8 28
20 23
5
14 54
20 51
46 65
34 56
38 76
9
48 82
81 85
19 99
8 22
2 73
46 93
34 94
6 10
49 61
4
5 49
55 71
17 86
49 88
2
14 31
14 63
7
37 76
37 38
12 41
1 3
1 34
9 16
1 4
4
52 68
4 42
4 6
4 14
6
11 13
13 21
20 28
8 38
22 33
70 97
3
2 26
30 48
30 42
3
11 21
5 66
2 15
2
6 30
6 30
8
36 67
14 51
3 5
10 86
17 57
10 32
17 19
2 4
2
12 17
25 27
9
28 56
42 57
84 91
42 82
2 10
3 9
60 96
7 35
0 87
1
44 73
8
47 82
23 26
21 99
55 94
26 29
39 42
21 81
39 40
6
8 95
19 47
3 25
0 97
13 33
3 7
10
19 96
7 18
7 13
3 10
13 93
7 52
40 47
3 5
1 21
19 48
6
74 85
5 94
11 14
4 77
27 72
24 75
6
38 46
90 95
8 18
20 30
2 12
35 45
9
33 41
26 91
32 89
11 15
5 84
11 30
61 100
5 17
12 77
7
36 38
22 50
12 70
0 3
2 40
13 47
2 65
6
29 54
21 100
57 64
58 71
29 89
21 70
7
61 84
37 96
53 80
1 26
69 76
1 26
5 14
10
2 23
14 26
22 82
22 41
57 61
43 73
82 90
25 69
4 7
0 1
7
29 65
39 92
3 26
44 75
71 98
50 63
43 56
10
0 1
14 58
8 14
24 30
29 65
36 77
59 67
6 12
2 4
34 43
3
3 12
83 86
15 24
9
50 73
78 93
3 66
33 78
1 20
61 95
69 88
57 89
12 27
8
3 7
53 73
14 40
4 62
13 43
7 9
2 4
10 14
4
54 83
23 69
9 31
18 32
7
33 34
41 86
13 60
1 12
33 55
5 14
24 67
10
59 74
19 44
8 11
20 71
3 8
65 81
31 68
87 92
42 97
8 11
8
1 46
16 19
7 11
3 6
25 34
31 37
15 18
15 54
8
20 23
8 10
40 58
54 99
42 47
53 95
8 70
8 14
5
14 15
46 71
32 34
7 79
86 93
8
3 9
3 54
5 20
3 18
17 56
1 38
32 43
17 56
8
2 8
24 26
22 54
1 3
10 48
6 85
10 24
10 96
3
16 44
8 64
9 37
1
11 26
10
4 5
16 71
7 63
46 94
30 97
7 11
13 23
1 3
7 81
19 25
6
20 28
0 1
24 64
48 82
31 79
24 92
9
55 67
15 16
39 46
23 89
8 9
25 26
55 74
23 24
31 32
10
22 64
10 11
10 68
22 64
38 41
32 58
33 89
54 88
4 31
32 35
9
46 93
36 89
1 6
1 6
1 24
24 79
37 42
23 49
37 39
5
5 98
1 2
12 21
0 3
0 1
6
0 1
31 55
2 6
20 33
1 5
56 60
10
12 74
20 32
3 17
20 34
30 33
20 47
49 91
60 72
50 58
63 77
4
4 52
17 23
27 73
84 99
2
37 42
16 31
2
78 93
24 54
7
50 54
73 91
0 2
20 80
59 77
56 68
60 100
4
7 11
17 31
2 79
27 78
10
12 16
76 88
71 85
36 60
0 21
36 100
2 67
27 31
6 9
21 77
3
5 45
0 1
6 67
10
15 87
28 85
28 80
48 60
4 22
4 28
48 55
52 53
42 69
18 54
8
15 27
0 1
53 73
12 57
6 49
33 72
34 37
25 92
3
18 35
42 46
30 88
6
8 78
53 95
66 92
52 53
9 59
53 57
10
27 32
19 72
7 60
88 91
13 37
11 46
91 96
4 33
4 33
1 6
2
18 26
52 66
10
63 89
16 19
60 79
4 12
4 58
42 59
16 76
76 81
29 65
0 47
1
22 43
10
29 37
13 75
7 27
4 6
29 79
8 64
7 9
40 84
14 59
23 41
6
23 50
6 9
48 75
21 23
39 98
4 97
9
8 10
28 64
28 90
12 16
22 39
28 32
18 86
1 21
33 95
9
5 55
30 68
0 2
10 54
2 16
28 62
10 60
10 24
6 26
2
62 98
31 65
8
24 28
10 30
55 85
4 58
10 93
10 93
66 77
4 29
7
34 61
1 2
25 64
0 7
69 86
12 13
7 31
4
39 50
21 48
21 48
5 16
7
7 9
20 23
4 74
52 79
24 41
28 47
9 29
1
1 55
3
20 55
30 50
2 8
6
69 75
79 88
0 43
15 24
9 45
4 5
8
22 29
22 58
32 96
32 56
32 33
32 94
22 34
59 83
9
8 84
23 93
8 33
15 49
36 56
8 33
8 42
16 92
20 54
8
16 17
16 85
21 29
18 42
36 93
0 1
27 61
18 26
2
18 45
26 92
7
10 13
23 78
37 40
23 62
29 48
23 26
26 79
9
17 81
40 65
42 76
0 25
71 93
4 19
62 63
17 27
86 87
5
41 71
10 68
3 53
5 9
25 73
4
15 46
8 29
29 98
11 60
1
39 53
10
4 5
4 19
34 75
0 4
88 91
10 13
4 84
4 16
40 54
14 34
2
27 45
0 28
5
6 26
19 65
6 52
18 28
84 87
4
17 33
49 95
15 53
5 61
1
10 49
6
25 35
52 92
15 17
12 24
6 13
40 58
3
4 18
4 15
24 40
7
88 100
18 42
18 21
48 90
0 3
18 39
20 32
4
78 89
19 59
19 59
32 48
7
32 36
2 10
28 49
26 58
11 93
17 75
26 59
3
42 81
3 14
13 20
2
8 12
2 3
3
12 23
19 24
27 40
6
14 31
14 93
6 7
56 64
38 65
8 40
6
18 50
36 83
4 13
68 97
71 77
26 68
1
84 100
2
2 3
40 52
10
1 9
91 93
53 79
34 35
4 53
15 17
14 65
49 51
24 32
33 43
9
0 8
12 66
81 97
26 95
75 81
16 20
16 20
8 56
12 33
4
1 6
59 82
23 68
1 27
5
18 66
10 26
5 41
36 39
24 30
2
1 3
3 19
4
28 75
43 45
11 37
3 14
9
52 93
30 55
0 10
25 27
19 33
8 43
6 98
8 86
0 20
6
31 40
10 79
29 74
55 88
36 73
11 41
5
5 38
73 78
5 19
71 94
34 39
3
12 88
24 31
42 70
7
34 72
0 1
42 44
9 29
2 43
31 75
34 36
8
42 92
22 36
10 57
30 100
55 75
33 43
40 90
22 36
3
29 54
9 43
22 23
10
20 22
46 54
68 80
28 40
28 70
1 57
28 68
20 23
10 79
7 21
7
45 58
81 88
57 80
34 91
6 17
23 82
77 81
3
5 6
47 60
17 30
6
24 43
38 42
32 44
18 29
20 27
41 57
10
26 36
18 29
6 13
84 86
60 61
71 81
5 19
45 49
45 65
2 8
9
10 14
21 27
0 8
24 47
80 88
0 24
4 10
0 3
16 53
4
3 11
11 12
36 77
55 64
6
40 43
52 75
31 48
7 72
70 83
52 87
4
36 86
0 4
58 87
4 30
3
8 52
52 72
14 22
9
1 19
47 91
6 60
24 58
0 71
6 23
6 20
12 42
30 81
2
62 100
9 27
10
13 53
3 29
73 84
1 20
7 61
24 77
52 63
56 59
52 63
57 88
9
32 75
1 43
1 4
17 34
17 81
17 51
5 82
4 59
1 26
8
31 51
22 71
22 30
14 16
14 17
64 81
6 97
82 94
2
12 34
7 9
9
43 59
11 18
11 83
19 46
69 100
29 35
9 10
9 80
29 36
6
17 93
62 66
20 45
78 94
18 49
22 23
1
7 39
9
52 96
18 74
4 6
4 7
36 40
66 85
17 19
55 83
16 20
7
5 57
9 62
8 71
83 87
44 51
14 63
5 18
2
38 54
35 77
5
24 45
29 43
47 62
4 11
24 35
1
6 8
8
30 49
1 2
7 12
39 52
7 12
13 78
0 5
16 63
10
34 37
84 91
84 91
2 4
10 73
50 94
16 38
9 17
47 61
2 40
7
0 2
28 85
18 65
38 50
8 10
6 32
19 53
9
26 56
25 61
18 36
36 51
2 17
10 16
0 3
26 88
11 53
2
4 7
0 2
5
12 79
15 67
0 51
30 48
46 64
1
62 96
2
22 45
10 39
4
10 23
15 18
9 78
15 28
5
34 35
30 67
45 53
27 68
44 85
1
1 13
6
14 34
6 56
14 68
63 75
6 72
48 70
1
11 46
10
1 40
1 80
59 98
14 43
46 75
73 77
43 47
2 17
16 71
0 1
10
10 56
0 46
2 48
10 37
18 52
37 79
40 61
38 42
34 80
2 3
6
30 59
0 8
48 64
0 72
16 97
45 63
7
28 32
8 84
60 64
8 42
32 60
2 30
0 4
6
27 28
8 31
49 61
68 75
5 22
5 6
1
3 13
10
29 88
27 62
7 9
25 27
2 5
13 82
37 40
77 80
61 64
2 61
6
46 57
29 89
58 81
7 17
31 54
57 91
8
4 8
0 4
28 92
20 72
5 11
58 59
52 86
4 17
10
43 51
3 5
26 92
58 88
13 57
3 55
32 83
35 49
17 29
8 65
4
85 100
32 37
34 41
0 1
6
21 24
69 80
30 51
9 35
9 70
61 92
1
3 11
8
54 81
15 24
3 58
11 41
63 88
9 62
19 44
19 44
3
9 32
8 19
11 14
7
20 61
72 80
15 33
59 77
4 11
40 47
24 78
7
36 41
18 36
30 64
9 59
4 97
9 11
0 23
8
1 8
21 31
10 53
56 75
1 2
1 5
17 48
29 81
3
0 53
8 66
17 81
5
34 69
16 25
7 87
4 24
0 11
4
42 81
6 9
15 18
9 30
4
3 23
10 39
28 51
49 91
1
33 54
3
13 26
31 36
23 49
4
7 13
11 16
78 87
91 95
3
11 68
24 41
9 23
4
2 26
26 62
24 92
27 55
2
3 20
32 69
3
2 3
36 74
40 65
1
36 84
8
44 85
9 49
3 6
8 13
9 30
36 81
30 57
1 88
5
3 76
3 25
3 57
5 83
63 84
1
36 83
2
66 94
21 29
7
38 68
61 91
19 21
43 57
13 33
38 68
4 6
8
45 68
25 42
1 3
5 64
1 92
73 76
5 8
76 81
7
39 49
29 73
13 29
43 62
9 61
69 86
45 54
10
3 58
24 49
62 65
75 86
62 75
0 1
34 53
7 16
77 90
7 64
4
27 87
3 32
15 60
15 36
5
33 81
66 75
30 44
6 12
11 85
9
20 67
41 46
3 70
18 41
45 84
41 92
3 33
15 59
27 34
4
6 29
0 2
28 33
8 28
10
53 54
7 19
3 29
2 3
14 69
50 93
18 77
17 18
13 64
4 37
1
7 23
1
6 11
4
51 75
3 21
24 63
16 71
2
21 69
15 18
3
33 50
14 17
3 10
1
64 66
8
68 79
43 85
9 17
18 50
18 80
28 37
53 93
53 93
8
3 20
39 87
7 8
54 63
3 22
3 11
3 22
21 83
7
88 99
1 42
15 28
25 90
52 57
50 65
33 38
2
24 79
8 12
8
27 76
6 11
8 57
65 94
1 2
8 45
63 80
11 14
2
79 84
37 39
2
8 17
39 84
5
4 11
1 3
1 3
6 31
10 54
1
26 52
8
4 13
4 50
69 91
46 96
4 15
4 30
16 38
6 28
6
15 96
27 69
69 82
36 53
69 82
6 67
7
29 73
15 62
0 19
5 6
41 47
31 97
3 16
1
15 74
7
7 23
4 12
64 70
13 41
4 25
0 4
43 87
1
9 98
1
13 22
1
2 6
7
8 10
28 30
26 31
10 16
12 71
58 96
48 49
5
22 29
2 10
50 76
38 66
20 63
7
57 75
13 28
7 10
5 43
2 5
27 70
27 51
5
11 21
2 3
10 59
20 41
17 27
4
0 18
24 75
0 8
32 64
2
3 63
45 89
1
6 64
9
1 8
56 83
13 37
9 15
1 16
29 47
9 60
65 76
17 82
5
79 86
4 9
6 55
63 73
15 76
2
34 85
44 76
10
8 14
8 40
4 38
28 30
38 82
55 67
84 89
38 82
81 97
2 11
4
76 79
76 79
6 10
29 69
7
53 98
35 47
39 42
7 76
35 100
35 100
45 95
1
6 27
9
6 18
8 13
24 96
26 49
54 70
8 16
9 23
34 50
12 84
6
54 67
2 4
2 31
31 71
52 75
21 97
3
14 63
25 53
47 61
2
35 44
27 94
5
58 75
4 8
8 23
52 96
40 91
6
2 50
27 75
52 55
12 18
15 29
0 1
6
24 85
59 80
14 15
7 86
15 92
39 100
3
19 37
3 8
22 25
6
52 92
3 71
24 98
15 25
4 89
34 39
3
48 90
80 82
3 15
5
1 2
37 54
15 16
1 6
53 94
3
19 45
1 32
79 85
10
42 87
11 26
9 12
57 82
1 94
33 42
69 72
89 91
3 57
5 14
5
84 99
72 97
3 6
26 41
0 13
6
58 79
58 79
7 10
87 90
1 17
1 2
5
5 27
4 37
32 54
14 30
4 37
6
1 8
6 9
21 34
7 22
7 10
15 27
2
14 79
48 54
8
14 64
6 20
13 17
4 97
6 10
29 49
0 6
0 9
10
11 22
9 20
55 61
65 68
9 12
49 65
9 42
51 63
36 39
23 26
6
1 4
7 66
29 40
7 33
73 99
19 65
1
9 12
3
3 4
69 89
6 21
2
24 50
17 19
10
14 19
57 65
1 22
5 78
41 48
0 1
53 92
25 64
52 95
3 59
1
22 54
4
44 47
35 76
11 36
11 44
4
1 3
6 20
7 51
34 96
8
21 26
21 39
47 50
7 8
12 15
27 54
15 24
35 92
8
3 5
8 10
6 47
7 71
1 21
58 89
14 86
66 92
3
7 93
7 62
1 3
5
15 24
23 40
21 29
0 13
0 39
1
7 10
8
17 90
17 33
28 77
8 9
53 86
28 77
17 99
9 26
2
36 92
1 11
8
68 70
0 2
26 56
8 53
22 26
12 51
18 20
3 5
1
4 7
4
12 66
33 51
0 93
27 61
4
80 98
24 39
66 84
51 87
9
14 64
14 64
9 67
3 25
8 65
12 54
9 67
38 40
66 81
1
36 54
9
76 79
1 2
19 89
7 96
7 8
7 48
75 91
7 32
7 9
1
52 71
7
24 55
4 34
4 34
4 34
6 14
6 94
2 22
3
39 58
13 63
50 67
6
13 31
7 42
13 93
13 18
3 26
7 16
2
29 33
18 44
4
41 48
3 11
11 51
41 70
8
80 81
14 75
8 18
13 59
63 71
42 53
14 48
54 97
6
8 39
23 89
16 31
47 78
45 73
52 71
6
54 66
12 36
10 82
29 61
12 90
32 58
10
35 84
11 20
59 66
5 18
1 10
59 96
9 58
1 50
1 85
1 50
8
28 42
15 31
17 59
7 21
4 5
22 38
36 89
16 24
5
44 69
2 93
11 15
41 57
44 88
7
24 92
59 85
0 88
60 74
51 61
0 12
60 74
1
18 82
6
20 77
43 48
79 93
97 98
67 78
89 97
8
1 16
70 77
15 85
37 66
49 68
1 27
28 63
77 98
10
2 6
4 40
36 92
4 98
12 16
92 93
13 23
7 29
24 86
36 76
6
0 66
70 95
6 54
60 100
0 40
16 28
3
3 14
7 12
7 9
10
40 52
7 9
79 99
7 63
62 79
68 88
2 11
55 57
76 96
52 81
8
20 77
26 50
18 52
14 16
26 82
20 21
4 46
46 61
1
1 11
10
9 27
49 68
83 85
3 6
9 18
33 40
18 45
26 37
21 84
3 5
4
73 96
58 87
33 34
22 25
4
57 91
24 74
57 91
11 31
1
50 93
4
23 85
6 69
0 54
6 16
9
12 22
6 16
22 24
2 4
34 55
6 26
40 42
6 26
54 70
9
14 17
79 89
14 17
81 99
45 82
9 19
1 4
9 19
15 33
9
80 92
4 8
0 1
4 72
8 28
18 26
4 72
4 16
57 91
7
23 52
39 42
70 83
79 88
7 8
79 88
8 17
10
4 22
19 21
40 42
4 66
37 71
5 7
46 81
1 39
10 90
1 9
4
2 32
15 17
35 43
0 6
1
25 27
10
25 73
13 75
13 27
13 27
35 43
1 23
4 6
50 82
1 3
10 12
8
61 95
10 77
24 41
31 70
0 1
4 19
28 89
73 91
4
0 16
3 5
32 47
17 21
3
5 21
21 59
41 90
10
8 21
50 63
5 97
49 73
35 57
35 53
26 75
1 20
29 49
29 98
7
12 31
8 36
46 53
74 93
0 76
53 91
20 24
10
15 50
0 13
13 26
1 34
15 50
17 98
10 15
15 20
55 80
37 66
1
70 77
2
18 39
17 19
5
16 21
1 3
40 54
32 38
10 86
3
3 7
38 84
38 63
9
21 52
46 61
15 70
35 82
5 12
2 29
29 84
2 3
29 64
1
23 63
1
6 22
3
2 16
49 71
46 62
5
43 98
27 94
50 59
59 67
17 69
5
16 28
4 86
13 29
31 61
9 35
10
16 60
8 17
28 88
1 83
1 83
0 1
46 90
1 9
1 9
2 74
9
38 71
10 63
37 97
38 49
7 48
31 56
19 36
5 26
38 71
3
7 14
19 54
61 86
6
14 52
38 44
6 8
70 81
40 87
17 59
7
19 55
29 35
36 98
53 67
4 30
69 79
7 57
4
7 66
23 98
7 11
43 48
1
2 42
5
7 49
17 29
21 97
7 49
15 16
6
1 3
2 14
2 14
51 91
30 35
28 96
10
25 71
20 27
52 58
54 61
32 70
15 53
7 55
90 97
20 36
56 57
2
5 40
66 81
9
28 99
10 38
10 18
52 68
1 51
4 39
8 16
4 26
0 4
4
2 86
16 18
6 8
22 64
7
19 32
9 10
29 90
3 8
15 38
56 93
29 99
2
20 65
71 98
7
3 13
14 51
44 49
48 67
23 63
10 20
38 57
4
2 95
12 43
0 64
8 29
10
39 100
11 22
39 63
75 78
49 65
60 69
14 23
49 65
83 92
3 96
1
58 92
7
3 10
3 30
9 43
24 49
3 7
0 17
0 17
9
13 63
9 83
16 43
33 59
37 57
31 80
81 85
1 67
49 81
2
27 31
23 69
4
37 38
10 73
21 80
21 65
5
26 70
41 85
6 61
24 36
6 27
3
2 58
28 70
10 23
2
11 53
14 55
4
10 20
37 89
46 58
50 90
10
31 73
39 85
10 24
14 100
22 34
4 10
14 20
52 74
34 52
44 70
3
0 2
28 77
18 32
7
3 25
3 4
31 68
27 36
3 50
3 100
28 73
1
11 85
2
1 21
19 26
2
0 51
16 26
1
11 92
7
25 41
42 85
0 8
8 17
40 44
24 76
28 92
10
0 29
18 72
27 75
2 74
32 70
42 64
15 31
11 41
0 1
2 25
3
23 53
26 66
2 4
8
0 1
41 52
7 45
92 97
1 3
7 90
53 68
37 96
6
91 95
16 40
56 80
24 32
7 31
0 21
3
5 6
5 7
29 83
5
22 83
61 69
2 10
7 45
27 95
9
51 89
13 17
1 82
13 68
4 53
13 32
13 46
16 25
1 60
